47.265209192385896 0.0 0.0 0.0 0.0 0.0 0.0 0.0 0.0 0.0 0.0 0.0 0.0 0.0 0.0 0.0 0.0 0.0 0.0 0.0 0.0 0.0 0.0 0.0 0.0 0.0 0.0 0.0 0.0 0.0 0.0 0.0 0.0 0.0 0.0 0.0 0.0 0.0 0.0 0.0 0.0 0.0 0.0 0.0 0.0 0.0 0.0 0.0 0.0 0.0 0.0 0.0 0.0 0.0 0.0 0.0 0.0 0.0 0.0 0.0 0.0 0.0 0.0 0.0 
36.85586142038327 26.807563838616595 0.0 0.0 0.0 0.0 0.0 0.0 0.0 0.0 0.0 0.0 0.0 0.0 0.0 0.0 0.0 0.0 0.0 0.0 0.0 0.0 0.0 0.0 0.0 0.0 0.0 0.0 0.0 0.0 0.0 0.0 0.0 0.0 0.0 0.0 0.0 0.0 0.0 0.0 0.0 0.0 0.0 0.0 0.0 0.0 0.0 0.0 0.0 0.0 0.0 0.0 0.0 0.0 0.0 0.0 0.0 0.0 0.0 0.0 0.0 0.0 0.0 0.0 
37.680992646212744 11.162318166996256 23.228117580527407 0.0 0.0 0.0 0.0 0.0 0.0 0.0 0.0 0.0 0.0 0.0 0.0 0.0 0.0 0.0 0.0 0.0 0.0 0.0 0.0 0.0 0.0 0.0 0.0 0.0 0.0 0.0 0.0 0.0 0.0 0.0 0.0 0.0 0.0 0.0 0.0 0.0 0.0 0.0 0.0 0.0 0.0 0.0 0.0 0.0 0.0 0.0 0.0 0.0 0.0 0.0 0.0 0.0 0.0 0.0 0.0 0.0 0.0 0.0 0.0 0.0 
39.83902815992061 7.822355670870273 5.61863222913583 26.212469530839183 0.0 0.0 0.0 0.0 0.0 0.0 0.0 0.0 0.0 0.0 0.0 0.0 0.0 0.0 0.0 0.0 0.0 0.0 0.0 0.0 0.0 0.0 0.0 0.0 0.0 0.0 0.0 0.0 0.0 0.0 0.0 0.0 0.0 0.0 0.0 0.0 0.0 0.0 0.0 0.0 0.0 0.0 0.0 0.0 0.0 0.0 0.0 0.0 0.0 0.0 0.0 0.0 0.0 0.0 0.0 0.0 0.0 0.0 0.0 0.0 
32.518633182048845 3.263920675107721 8.706374955001689 2.9009014021152275 18.806092736027896 0.0 0.0 0.0 0.0 0.0 0.0 0.0 0.0 0.0 0.0 0.0 0.0 0.0 0.0 0.0 0.0 0.0 0.0 0.0 0.0 0.0 0.0 0.0 0.0 0.0 0.0 0.0 0.0 0.0 0.0 0.0 0.0 0.0 0.0 0.0 0.0 0.0 0.0 0.0 0.0 0.0 0.0 0.0 0.0 0.0 0.0 0.0 0.0 0.0 0.0 0.0 0.0 0.0 0.0 0.0 0.0 0.0 0.0 0.0 
34.50741100840707 8.36329788292731 6.947300275122326 4.608618242360177 -2.461219903981425 18.70111995004594 0.0 0.0 0.0 0.0 0.0 0.0 0.0 0.0 0.0 0.0 0.0 0.0 0.0 0.0 0.0 0.0 0.0 0.0 0.0 0.0 0.0 0.0 0.0 0.0 0.0 0.0 0.0 0.0 0.0 0.0 0.0 0.0 0.0 0.0 0.0 0.0 0.0 0.0 0.0 0.0 0.0 0.0 0.0 0.0 0.0 0.0 0.0 0.0 0.0 0.0 0.0 0.0 0.0 0.0 0.0 0.0 0.0 0.0 
38.01950802091202 9.24210355710196 3.5828946158106274 5.185080361695691 5.0120268205998295 3.5986585257354085 18.365935409532028 0.0 0.0 0.0 0.0 0.0 0.0 0.0 0.0 0.0 0.0 0.0 0.0 0.0 0.0 0.0 0.0 0.0 0.0 0.0 0.0 0.0 0.0 0.0 0.0 0.0 0.0 0.0 0.0 0.0 0.0 0.0 0.0 0.0 0.0 0.0 0.0 0.0 0.0 0.0 0.0 0.0 0.0 0.0 0.0 0.0 0.0 0.0 0.0 0.0 0.0 0.0 0.0 0.0 0.0 0.0 0.0 0.0 
35.71337203077322 5.735430138480081 6.038543356792133 5.662230222740357 6.377219004102342 3.5455624692129386 1.2779682224180822 18.74198239579102 0.0 0.0 0.0 0.0 0.0 0.0 0.0 0.0 0.0 0.0 0.0 0.0 0.0 0.0 0.0 0.0 0.0 0.0 0.0 0.0 0.0 0.0 0.0 0.0 0.0 0.0 0.0 0.0 0.0 0.0 0.0 0.0 0.0 0.0 0.0 0.0 0.0 0.0 0.0 0.0 0.0 0.0 0.0 0.0 0.0 0.0 0.0 0.0 0.0 0.0 0.0 0.0 0.0 0.0 0.0 0.0 
34.42278216473225 11.165457355039337 5.178336578268542 8.400370834436004 3.016140563699963 2.2732695061315127 2.4862721691400083 7.219153362798622 20.160869214797316 0.0 0.0 0.0 0.0 0.0 0.0 0.0 0.0 0.0 0.0 0.0 0.0 0.0 0.0 0.0 0.0 0.0 0.0 0.0 0.0 0.0 0.0 0.0 0.0 0.0 0.0 0.0 0.0 0.0 0.0 0.0 0.0 0.0 0.0 0.0 0.0 0.0 0.0 0.0 0.0 0.0 0.0 0.0 0.0 0.0 0.0 0.0 0.0 0.0 0.0 0.0 0.0 0.0 0.0 0.0 
36.686603733033635 15.066032081922245 7.036321834597075 6.449411203357329 5.363022299381996 4.151186397461132 -1.2260678260141304 3.5229853633833983 5.868545397315033 19.2263934230201 0.0 0.0 0.0 0.0 0.0 0.0 0.0 0.0 0.0 0.0 0.0 0.0 0.0 0.0 0.0 0.0 0.0 0.0 0.0 0.0 0.0 0.0 0.0 0.0 0.0 0.0 0.0 0.0 0.0 0.0 0.0 0.0 0.0 0.0 0.0 0.0 0.0 0.0 0.0 0.0 0.0 0.0 0.0 0.0 0.0 0.0 0.0 0.0 0.0 0.0 0.0 0.0 0.0 0.0 
40.15638632370118 6.863801262135439 4.789521506831974 6.661216701348437 4.133947359644836 2.0910171525014505 -3.2726686178330056 4.923681621719993 2.2657483509332246 4.4845074384088495 20.961446724769754 0.0 0.0 0.0 0.0 0.0 0.0 0.0 0.0 0.0 0.0 0.0 0.0 0.0 0.0 0.0 0.0 0.0 0.0 0.0 0.0 0.0 0.0 0.0 0.0 0.0 0.0 0.0 0.0 0.0 0.0 0.0 0.0 0.0 0.0 0.0 0.0 0.0 0.0 0.0 0.0 0.0 0.0 0.0 0.0 0.0 0.0 0.0 0.0 0.0 0.0 0.0 0.0 0.0 
29.87398181721078 7.6459266236849786 9.685349852288986 7.157739205002599 3.9080453107920192 3.610762721602505 1.096883540007255 3.4738104949070703 0.6052281846051714 -1.7098460555513089 2.6189882473084802 21.007519406052474 0.0 0.0 0.0 0.0 0.0 0.0 0.0 0.0 0.0 0.0 0.0 0.0 0.0 0.0 0.0 0.0 0.0 0.0 0.0 0.0 0.0 0.0 0.0 0.0 0.0 0.0 0.0 0.0 0.0 0.0 0.0 0.0 0.0 0.0 0.0 0.0 0.0 0.0 0.0 0.0 0.0 0.0 0.0 0.0 0.0 0.0 0.0 0.0 0.0 0.0 0.0 0.0 
38.12529407550554 10.626084737004113 6.018108661524423 6.53089103388556 3.2007429024628493 2.8605471918137937 7.760340630338121 5.745413977452529 3.2747835838228183 5.553247314808755 3.0692037551309035 -1.0980632681987572 19.794681950781662 0.0 0.0 0.0 0.0 0.0 0.0 0.0 0.0 0.0 0.0 0.0 0.0 0.0 0.0 0.0 0.0 0.0 0.0 0.0 0.0 0.0 0.0 0.0 0.0 0.0 0.0 0.0 0.0 0.0 0.0 0.0 0.0 0.0 0.0 0.0 0.0 0.0 0.0 0.0 0.0 0.0 0.0 0.0 0.0 0.0 0.0 0.0 0.0 0.0 0.0 0.0 
31.101100050495642 9.017685007587595 9.231114307061205 11.35172033752906 7.705054183368013 4.2714413012162 1.2134426681403738 1.7449478510585408 1.6369777616219854 3.6231581598115636 9.207682548780022 1.3062236802328846 2.2793152270412484 16.813912767174507 0.0 0.0 0.0 0.0 0.0 0.0 0.0 0.0 0.0 0.0 0.0 0.0 0.0 0.0 0.0 0.0 0.0 0.0 0.0 0.0 0.0 0.0 0.0 0.0 0.0 0.0 0.0 0.0 0.0 0.0 0.0 0.0 0.0 0.0 0.0 0.0 0.0 0.0 0.0 0.0 0.0 0.0 0.0 0.0 0.0 0.0 0.0 0.0 0.0 0.0 
38.69653877031056 7.6771515260352885 9.866542065566591 5.603349239941544 6.82902398310145 6.25173941869221 -1.10564032827385 2.10085630707583 -0.9994899282310962 2.530951475186437 -0.16887582561562875 0.8397461117700535 -0.780044635137199 0.6919300238926814 17.644023908237084 0.0 0.0 0.0 0.0 0.0 0.0 0.0 0.0 0.0 0.0 0.0 0.0 0.0 0.0 0.0 0.0 0.0 0.0 0.0 0.0 0.0 0.0 0.0 0.0 0.0 0.0 0.0 0.0 0.0 0.0 0.0 0.0 0.0 0.0 0.0 0.0 0.0 0.0 0.0 0.0 0.0 0.0 0.0 0.0 0.0 0.0 0.0 0.0 0.0 
37.08859074048902 8.806023583953838 2.3320636220857693 10.126467955199779 1.9412780283323912 4.781996926799778 -0.12396618298087958 -1.58265176923247 1.3317693276583715 1.2639328354080657 1.8255507098335235 2.2359134941621823 -2.127950512519924 3.122602907246716 -1.1210293264967257 18.72195750868006 0.0 0.0 0.0 0.0 0.0 0.0 0.0 0.0 0.0 0.0 0.0 0.0 0.0 0.0 0.0 0.0 0.0 0.0 0.0 0.0 0.0 0.0 0.0 0.0 0.0 0.0 0.0 0.0 0.0 0.0 0.0 0.0 0.0 0.0 0.0 0.0 0.0 0.0 0.0 0.0 0.0 0.0 0.0 0.0 0.0 0.0 0.0 0.0 
36.263459514659544 3.0767048434739337 8.447248885014332 6.476686624539376 5.710202414019463 -0.9394938914602875 2.600432330364143 4.384506156751243 2.4306438785016744 1.966473996055565 7.443526983527471 1.2547328458050042 3.6023856523617233 7.531902217769146 1.4888620835746829 -1.600873650318981 18.907008403967502 0.0 0.0 0.0 0.0 0.0 0.0 0.0 0.0 0.0 0.0 0.0 0.0 0.0 0.0 0.0 0.0 0.0 0.0 0.0 0.0 0.0 0.0 0.0 0.0 0.0 0.0 0.0 0.0 0.0 0.0 0.0 0.0 0.0 0.0 0.0 0.0 0.0 0.0 0.0 0.0 0.0 0.0 0.0 0.0 0.0 0.0 0.0 
37.427106115188295 13.488423111828723 7.238960228969816 7.544354683262156 5.423029250164461 2.9392224978784753 3.678891983221945 2.980086531866732 4.240423553410423 -1.5104840867061173 4.747927748589588 1.8508466213634018 -3.7161467562279404 3.0771668598013173 6.751810405865628 -2.941970071015872 -0.11310809228419084 15.960139943320348 0.0 0.0 0.0 0.0 0.0 0.0 0.0 0.0 0.0 0.0 0.0 0.0 0.0 0.0 0.0 0.0 0.0 0.0 0.0 0.0 0.0 0.0 0.0 0.0 0.0 0.0 0.0 0.0 0.0 0.0 0.0 0.0 0.0 0.0 0.0 0.0 0.0 0.0 0.0 0.0 0.0 0.0 0.0 0.0 0.0 0.0 
38.31570897377388 7.939607683866903 8.334796143732888 7.3477549138617135 3.20270100826626 1.52600490746795 -4.063396133349414 6.056087080169178 1.3286713908118106 4.215435510309262 4.129359321001104 2.2046726310250753 -2.43513763664392 1.1753271681648347 6.581179095383575 1.1051519196655835 3.0752773678511827 0.9200666808935138 15.067896572814954 0.0 0.0 0.0 0.0 0.0 0.0 0.0 0.0 0.0 0.0 0.0 0.0 0.0 0.0 0.0 0.0 0.0 0.0 0.0 0.0 0.0 0.0 0.0 0.0 0.0 0.0 0.0 0.0 0.0 0.0 0.0 0.0 0.0 0.0 0.0 0.0 0.0 0.0 0.0 0.0 0.0 0.0 0.0 0.0 0.0 
35.01518407045598 7.553287180775484 7.718271237233296 7.270527076020485 3.7972532962707106 0.7359936134104714 1.4101716467583856 4.89629412010467 -2.2656870208398154 3.940966432097538 5.505626219113938 -4.329494546281154 5.172602750729268 0.18077256874151804 6.865222282267546 4.915879710259367 0.28755866082034415 -0.7153130067346909 -4.234813701590069 19.26641398495646 0.0 0.0 0.0 0.0 0.0 0.0 0.0 0.0 0.0 0.0 0.0 0.0 0.0 0.0 0.0 0.0 0.0 0.0 0.0 0.0 0.0 0.0 0.0 0.0 0.0 0.0 0.0 0.0 0.0 0.0 0.0 0.0 0.0 0.0 0.0 0.0 0.0 0.0 0.0 0.0 0.0 0.0 0.0 0.0 
32.984091822260346 9.860757371050937 6.4601777109126886 5.475032516937453 2.4508242646725336 0.6018261939854597 1.2982149649750596 3.310102454931098 0.603478531667328 7.143470769968363 4.701140221596935 3.5865441664271107 0.11421894714011938 1.8760851911820753 1.450221992191486 -1.4600625261582127 -0.5739199557578498 4.103710812602359 -0.2531422192880935 -1.0225055103530192 19.253309492645187 0.0 0.0 0.0 0.0 0.0 0.0 0.0 0.0 0.0 0.0 0.0 0.0 0.0 0.0 0.0 0.0 0.0 0.0 0.0 0.0 0.0 0.0 0.0 0.0 0.0 0.0 0.0 0.0 0.0 0.0 0.0 0.0 0.0 0.0 0.0 0.0 0.0 0.0 0.0 0.0 0.0 0.0 0.0 
41.531605033416966 10.792361516472617 8.97963954277347 5.2473588928230015 2.915086070747691 1.0801194142372879 0.4010760225384331 0.2133963439514872 5.828129729679006 5.208582252920614 7.279638715733061 1.860165690570111 1.6941513270482056 0.7062665035196654 3.1451544854648557 1.7749472188531341 8.995314571039335 3.1709116772315697 0.00970431085187335 -3.2450796404999527 0.2941563136461301 15.781714857819471 0.0 0.0 0.0 0.0 0.0 0.0 0.0 0.0 0.0 0.0 0.0 0.0 0.0 0.0 0.0 0.0 0.0 0.0 0.0 0.0 0.0 0.0 0.0 0.0 0.0 0.0 0.0 0.0 0.0 0.0 0.0 0.0 0.0 0.0 0.0 0.0 0.0 0.0 0.0 0.0 0.0 0.0 
39.16199741052206 10.394486129730616 6.514109534536047 10.907569343268392 0.8626209742480881 2.047336073940542 3.3990141127962232 -3.0106018300501063 -0.022657123988005647 3.291020257332852 6.325214303958295 1.9743538320264618 -1.9247121732884054 -2.1559309921696777 -2.0507363205942477 2.499438581951151 -1.755546340863001 2.0215362210645194 -2.8222749298959484 0.2411231323110416 -0.10446682975683802 4.338751862303478 18.728603552186126 0.0 0.0 0.0 0.0 0.0 0.0 0.0 0.0 0.0 0.0 0.0 0.0 0.0 0.0 0.0 0.0 0.0 0.0 0.0 0.0 0.0 0.0 0.0 0.0 0.0 0.0 0.0 0.0 0.0 0.0 0.0 0.0 0.0 0.0 0.0 0.0 0.0 0.0 0.0 0.0 0.0 
39.98712863635154 6.5742612585217515 8.087668033305974 7.442404992961528 -1.424463297024289 -3.6269147268508135 -1.8200116090254852 2.3215111975177365 1.3409418770762382 4.029325772069881 4.141107364780391 0.8274810621871358 -1.288524911070658 -2.3500305900757343 1.9239168010925844 2.0743867148502177 -1.8398460735838504 2.552851302042439 -0.6302288515226216 1.050721441012194 3.102832070488724 -1.6774836215337574 1.1208371107185071 17.915573097057504 0.0 0.0 0.0 0.0 0.0 0.0 0.0 0.0 0.0 0.0 0.0 0.0 0.0 0.0 0.0 0.0 0.0 0.0 0.0 0.0 0.0 0.0 0.0 0.0 0.0 0.0 0.0 0.0 0.0 0.0 0.0 0.0 0.0 0.0 0.0 0.0 0.0 0.0 0.0 0.0 
34.04195236819557 7.8095317537544915 7.925436245206718 7.560625077065843 6.783870538924191 1.2180604646096782 1.3384802307379147 2.587586660494253 1.100823901310075 2.889599905210806 2.369555163693645 4.148255727922907 2.7412042616783503 4.013263245511871 2.626624539487623 3.5471547362580047 0.4031997582319659 1.22215999726257 5.511027451553271 3.966251412254936 -0.6874960047479045 1.4528176856723856 -0.1752284317600621 2.536474340548856 18.891703910993797 0.0 0.0 0.0 0.0 0.0 0.0 0.0 0.0 0.0 0.0 0.0 0.0 0.0 0.0 0.0 0.0 0.0 0.0 0.0 0.0 0.0 0.0 0.0 0.0 0.0 0.0 0.0 0.0 0.0 0.0 0.0 0.0 0.0 0.0 0.0 0.0 0.0 0.0 0.0 
35.057498492293384 7.9800497766439165 6.239110940415095 11.210896118288161 1.9190628164743941 0.279580864420069 1.430404888343432 5.33551412795596 1.2965990080998424 4.2817600653682915 1.6047131947660447 3.0810996022823334 1.59628914886482 -1.0852078621455956 -0.20329910980886529 6.707476861902824 -0.3119765171266957 3.89191532774205 -4.63143242195138 4.000291332343679 1.851176762202199 4.238614543616068 2.017496013232768 1.3970102524469659 -1.3098777122478693 16.39321856346724 0.0 0.0 0.0 0.0 0.0 0.0 0.0 0.0 0.0 0.0 0.0 0.0 0.0 0.0 0.0 0.0 0.0 0.0 0.0 0.0 0.0 0.0 0.0 0.0 0.0 0.0 0.0 0.0 0.0 0.0 0.0 0.0 0.0 0.0 0.0 0.0 0.0 0.0 
39.54282720705874 6.812071450647842 9.339909234564644 6.214150574351876 2.421760697865892 2.724045964400446 5.28247924549656 4.870537535965397 0.6154455308018262 5.268328546336945 4.904137481448614 0.30712750895447594 -1.4280206917502114 9.12248720963119 -0.05526476059323504 2.5449979947671437 0.7099196826582167 4.362042188503508 4.151442292877524 0.9470055895420625 -3.5403023728575995 -2.6766280514089926 -1.4048355821810974 -2.4820488298720633 1.8599439499694275 -0.07794914241499992 16.649938471460928 0.0 0.0 0.0 0.0 0.0 0.0 0.0 0.0 0.0 0.0 0.0 0.0 0.0 0.0 0.0 0.0 0.0 0.0 0.0 0.0 0.0 0.0 0.0 0.0 0.0 0.0 0.0 0.0 0.0 0.0 0.0 0.0 0.0 0.0 0.0 0.0 0.0 
34.401624953813545 5.934835370495193 8.544218089792864 6.525195280384473 -1.0838385952732068 0.3291377454984996 3.322338805345325 3.058395831411687 2.7110851612657423 1.3594958801831059 1.850941474572564 6.000929060328643 4.394235243204094 3.6234452960072607 -0.600577615915261 -1.1832698891198294 -4.308498089889594 1.2416929632430878 -0.7202482872061805 2.4719686806519343 -6.029138203170717 3.493754624096113 2.4536914383931254 -0.27883945070481836 -0.13819888734065508 0.9886174887782794 -3.0030409065080197 17.111699664224318 0.0 0.0 0.0 0.0 0.0 0.0 0.0 0.0 0.0 0.0 0.0 0.0 0.0 0.0 0.0 0.0 0.0 0.0 0.0 0.0 0.0 0.0 0.0 0.0 0.0 0.0 0.0 0.0 0.0 0.0 0.0 0.0 0.0 0.0 0.0 0.0 
38.44265223928611 5.377696283956794 12.890202820161335 10.071181296290483 4.30193966358695 3.9617949758960123 7.2691828120991175 -1.408310250729528 -0.07870645049902633 8.00018026635517 -0.6915873960278185 4.943652323927757 0.3955512943982511 -0.3390131618115091 -2.0233063032491816 0.5354002349206304 2.861750682894166 -0.9098545560365932 4.686121193709199 1.8754812007824877 2.1329272911767156 6.432245666806967 -3.0008609241471706 3.431074887473562 -0.40658391095957586 -1.7885887483774665 0.7121533400149181 -0.5918668199282541 14.339946274616622 0.0 0.0 0.0 0.0 0.0 0.0 0.0 0.0 0.0 0.0 0.0 0.0 0.0 0.0 0.0 0.0 0.0 0.0 0.0 0.0 0.0 0.0 0.0 0.0 0.0 0.0 0.0 0.0 0.0 0.0 0.0 0.0 0.0 0.0 0.0 
34.88824080494375 6.459513916835974 8.019302666261424 6.771596402950706 1.379125629485543 4.521035181914442 1.4070226992792954 2.4322513535602326 4.51475996287078 5.833012380880666 3.7329773663065486 3.5215564040923377 3.7759181195500044 2.5454532119089457 5.1382207183270685 1.5162744846744471 1.415448878795379 3.717190213384607 -0.3852392143490534 3.988351422574206 -4.507783106920472 0.5752415273418687 0.9267114846843594 2.0069569632308495 -0.3861641087000507 -0.6459401463948318 7.047335929703347 -0.6027611346127103 -3.664899255618245 16.76494211915474 0.0 0.0 0.0 0.0 0.0 0.0 0.0 0.0 0.0 0.0 0.0 0.0 0.0 0.0 0.0 0.0 0.0 0.0 0.0 0.0 0.0 0.0 0.0 0.0 0.0 0.0 0.0 0.0 0.0 0.0 0.0 0.0 0.0 0.0 
36.94049026405809 8.114366950177242 14.442432161275676 9.945899553092815 7.160859821181873 9.243731702118865 -3.045014618714589 5.021600597562681 7.796057232243144 2.5386208160804293 -0.24740682615495557 1.8151934554180051 3.7928776332735286 2.6341389225549414 -2.361260860698662 -4.617989351685425 -2.69918308109369 -0.54780341744704 -2.62523690459304 -2.3292007722322117 -2.920341340633582 7.039025816737432 -0.16281346016313147 2.09460883337447 1.1819817092127887 2.069545615335626 2.867215391878921 2.3096521229546374 -0.5824903317089287 2.527879294097492 12.275026608105042 0.0 0.0 0.0 0.0 0.0 0.0 0.0 0.0 0.0 0.0 0.0 0.0 0.0 0.0 0.0 0.0 0.0 0.0 0.0 0.0 0.0 0.0 0.0 0.0 0.0 0.0 0.0 0.0 0.0 0.0 0.0 0.0 0.0 
35.586428765261 9.341822870917888 5.97515660772595 3.533585174029568 6.807074371114808 4.9640654557613 0.7607506017877483 1.143807471780761 9.231798664209283 4.082437550865182 3.8553798268881705 5.201107958901935 3.559826678316659 2.249899761914101 0.9505953372884122 4.038747762447108 4.0620648896637475 1.1771792108587595 -4.831448180371543 3.1413325168591197 -1.3726084634543951 2.9814690567250253 2.753701535878359 -0.3205152626029907 0.7499843406055079 -1.7649887553737582 5.476064469759336 1.2922919911119866 -1.5546736213023964 -2.5340793534334494 3.316496750918081 15.453044321999622 0.0 0.0 0.0 0.0 0.0 0.0 0.0 0.0 0.0 0.0 0.0 0.0 0.0 0.0 0.0 0.0 0.0 0.0 0.0 0.0 0.0 0.0 0.0 0.0 0.0 0.0 0.0 0.0 0.0 0.0 0.0 0.0 
32.96293461134164 8.957272335553277 6.62731188013359 11.387149969299124 0.006473057366193302 1.5034986958011274 -0.6125397037250622 3.0052021652299743 1.22652696757643 5.194253932629447 3.349398062884392 5.866017641713276 0.36934646507470514 -1.4002099080338706 0.05832233007379839 0.2712796231182717 0.7523958190793687 3.7273417313587154 -2.8668575723453475 4.121112429064044 2.4453322312427517 3.5053399165140857 0.35857542459079084 -0.3417152774966069 -0.8760300860477065 -3.4579266625821923 -4.210850458863605 -0.41827071437445207 0.6338009834817292 0.6649237915352604 -0.7171794838275334 1.2603912880863803 17.346983131427965 0.0 0.0 0.0 0.0 0.0 0.0 0.0 0.0 0.0 0.0 0.0 0.0 0.0 0.0 0.0 0.0 0.0 0.0 0.0 0.0 0.0 0.0 0.0 0.0 0.0 0.0 0.0 0.0 0.0 0.0 0.0 
35.71337203077323 12.375347180981677 9.692870190418105 6.102016666048129 2.7739251036154116 3.127693567510235 2.0850807338387796 6.939033899005565 5.915575767692523 7.870845663016359 7.385837440475756 3.1384557450611643 -2.3969137879734985 3.730152931194265 0.5421368739537153 3.6053377629081043 -5.531245877414832 -2.098775024495147 2.5378639027569236 -1.5306092310115902 0.8886591733346594 0.8091551514335036 1.8452453881032889 0.7249422353032278 0.9889944617553458 -2.754303481886617 0.7056018450074961 0.23871567918577785 -0.8468107947250237 4.776499660169073 1.2771506694796044 -1.5961103546551745 -1.811716935743671 14.955871557723595 0.0 0.0 0.0 0.0 0.0 0.0 0.0 0.0 0.0 0.0 0.0 0.0 0.0 0.0 0.0 0.0 0.0 0.0 0.0 0.0 0.0 0.0 0.0 0.0 0.0 0.0 0.0 0.0 0.0 0.0 
36.32693114741566 8.099940043422805 7.609358186849136 4.831882391758718 4.998037124744229 0.10041728525966676 6.2223116881099685 -1.7236195140433068 3.6587043889213575 10.535422625430613 -1.1231774113575623 2.8828795441732593 1.468097206024717 2.238864501728241 0.09380784814733478 3.48234862655113 -5.843701138112112 4.596083026279318 0.840386870308635 0.6112067501928798 -2.425591685391785 5.647613353988461 -1.819492613625095 -1.9789408997583355 4.949385372401893 3.5918660989547297 -0.4051153985249757 1.4314433342505386 -0.5803329635964066 -0.7110263595905961 -0.7541475312208914 3.582738746368239 0.9421540811740335 -2.4102076220319524 11.603733658142529 0.0 0.0 0.0 0.0 0.0 0.0 0.0 0.0 0.0 0.0 0.0 0.0 0.0 0.0 0.0 0.0 0.0 0.0 0.0 0.0 0.0 0.0 0.0 0.0 0.0 0.0 0.0 0.0 0.0 
39.75439931624579 11.109452904513248 6.802424827613493 9.197948731046537 5.746759639666692 -1.0821460741869373 -0.6583128754046612 4.235997493903554 1.9440048870944013 3.7718225079217067 -1.9235568430816512 4.116697903671039 0.4990351218989557 5.846668301994905 -2.1792198057691063 2.2264174671985346 0.1822383736297514 -0.8425416641268082 0.068866181058714 1.7560423754750634 0.010759882031914247 4.0230665861187855 1.111286911249171 -0.897349903574612 -2.678266654023318 1.993365240747573 2.7670080585907226 8.653431920354993 0.8860134812159648 1.646936982339958 -5.469038273390735 1.4684209109587132 1.3873151871322527 1.7177321911248329 2.7152769815641613 14.912205547857187 0.0 0.0 0.0 0.0 0.0 0.0 0.0 0.0 0.0 0.0 0.0 0.0 0.0 0.0 0.0 0.0 0.0 0.0 0.0 0.0 0.0 0.0 0.0 0.0 0.0 0.0 0.0 0.0 
33.978480735439454 10.060362976771685 1.4361966586651178 13.602882800260389 0.386328721036719 7.466688865837526 8.096066122877716 3.619379540314199 0.9887638286577602 6.051278265076357 5.920009484907423 -0.14038251457173226 3.8794011217982596 0.4826374837339573 0.0020136257921258283 3.720963446755937 1.939692206096708 4.1437940533789135 2.8310780472956574 2.298802327116179 2.777073310065644 -3.1589847666043713 1.196093180234533 4.782098622147401 -3.927096136009612 0.23510039253925402 1.8800652358837078 -0.08513461732096639 0.41259370134096385 2.4339478450964593 -5.0869188897993585 0.6713968747938426 -3.863362033099575 1.315776126286025 3.997875915635919 1.9950323686314475 12.511171368643623 0.0 0.0 0.0 0.0 0.0 0.0 0.0 0.0 0.0 0.0 0.0 0.0 0.0 0.0 0.0 0.0 0.0 0.0 0.0 0.0 0.0 0.0 0.0 0.0 0.0 0.0 0.0 
38.29455176285518 10.16956664595461 10.52635183473511 12.272350248131843 4.959755160511804 1.3379835910976539 1.091721714865045 3.266695403958252 3.1421179764557468 7.43293593305943 1.431083701950323 2.3677159503876215 3.5942065083586314 1.9220704426649275 -4.046722748972693 -0.574998674699634 0.1159466929050726 4.3244828475031145 -1.6870273484963763 -2.841486105142973 0.0525659657762092 4.2663203828648095 0.2797544092630704 0.08701084319139135 -1.8838667147252333 2.0440431928429525 1.5113845335202218 1.0019231034782166 1.9915349202108281 0.7758624507221555 2.506257863675411 3.293071583439084 -0.28238923881915223 1.1781917928771608 2.1143573904801274 1.0791605891652916 0.8484891295639261 16.306088668568417 0.0 0.0 0.0 0.0 0.0 0.0 0.0 0.0 0.0 0.0 0.0 0.0 0.0 0.0 0.0 0.0 0.0 0.0 0.0 0.0 0.0 0.0 0.0 0.0 0.0 0.0 
39.24662625419688 10.53925613153747 5.833689883542803 4.052780429194357 3.9778094440992646 1.986070854937111 0.7327759097809405 4.183289526389743 -1.7579373548364603 11.135926605432127 1.0957642864283113 3.695677348094226 -0.5243572551507305 2.1397142988676663 4.409636032654238 2.274590651496821 5.985217152774227 1.3077877611875544 0.7841961504974138 2.184951529700018 2.88368608170837 -3.3067259469730983 4.331145491306673 0.17108298589496296 -1.338299640586259 0.8226839815846839 -0.14668801342370907 -0.35049115179178225 1.0242963855595073 0.8035420701861024 1.101117664687837 -1.5438549309010174 -1.9820127417347675 1.513873634485528 1.108737332297094 -2.7139267446770634 0.9639521999914729 -4.316504246043236 15.08958582742691 0.0 0.0 0.0 0.0 0.0 0.0 0.0 0.0 0.0 0.0 0.0 0.0 0.0 0.0 0.0 0.0 0.0 0.0 0.0 0.0 0.0 0.0 0.0 0.0 0.0 
33.34376440787832 8.69481617772167 8.50346797520951 13.765396141418876 5.283432866154499 4.019212134688004 1.2055958793220185 1.3092069988594233 0.493226566781318 -2.3886982878420224 4.092366660320884 6.302007797578037 1.1122137535504502 4.3762827779098235 1.4781247053267517 -1.2050755402824649 -1.752483534407273 0.6703906990614619 0.5863761134156942 1.6051955500065498 -0.02079282856014504 1.752828653048475 1.5870889481533654 0.7648350115847706 1.8616345415941657 -1.75720020700217 2.7276350714654036 -0.5378605525739272 -1.6573609864842722 3.911990294218134 3.441878697905785 2.1762555843074836 2.1440675851961233 2.0256393040413037 -0.7284349452257705 -5.228452004856242 -1.3384438464629995 -0.013953424275669668 2.2475366173835343 15.302945460114177 0.0 0.0 0.0 0.0 0.0 0.0 0.0 0.0 0.0 0.0 0.0 0.0 0.0 0.0 0.0 0.0 0.0 0.0 0.0 0.0 0.0 0.0 0.0 0.0 
38.61190992663575 5.779145001769962 5.835868975835254 7.353099779769678 8.74136457456946 1.409193663722391 0.9617722475479837 1.1229562939438438 1.4031288537432207 0.4246202551994918 1.8290177623275488 1.953987333264388 -0.403630534191642 0.8245233938890366 8.105475953885751 -1.564750769586092 -0.8758269993494163 0.5444600253253464 -4.706968550348832 -3.9786658551066907 6.088020050365361 1.7704051961935399 -1.0140445726687097 0.1967352113010432 2.359700535957977 -1.6004060659898705 -1.4348819067731453 4.318359860157636 1.0320730199446482 -0.43479904181734397 1.025499200340622 1.3764862430245328 2.804399292235838 3.3264894734279356 1.0223451288077179 -0.6386248381870548 -0.13231342968565768 -1.3445238013922942 0.6532483973570841 0.39847896762677215 11.070926205349013 0.0 0.0 0.0 0.0 0.0 0.0 0.0 0.0 0.0 0.0 0.0 0.0 0.0 0.0 0.0 0.0 0.0 0.0 0.0 0.0 0.0 0.0 0.0 
36.559660467521404 6.810101109216163 4.364502938877834 10.632538337602128 3.4063023423294254 3.0761100080898984 4.909609333893314 2.0173780644520747 3.9443561064067723 8.30069715321284 4.669664060521274 4.242990138484567 2.778660215591214 -1.9454621674860832 -6.590602503934975 -1.0918897774739265 0.2156673111791661 2.4331448145197268 7.141684523256561 -0.6837370620653667 -4.1552732017014975 3.737746637247218 -4.561941696236254 -0.21244854468811147 -3.188948085270859 -1.821057585633526 0.051566487800751515 -0.6905339896146205 2.985941340869944 2.87062522677443 2.8370491899918044 -1.7571592658477135 0.7839824437487358 2.1371237227121744 3.284523643944527 -1.60550031177182 -5.181817506299903 -0.3191055234500061 4.3930721922153095 6.1319394741292665 -0.3721936362916994 11.486687569317933 0.0 0.0 0.0 0.0 0.0 0.0 0.0 0.0 0.0 0.0 0.0 0.0 0.0 0.0 0.0 0.0 0.0 0.0 0.0 0.0 0.0 0.0 
40.93920312769324 2.6168137950581425 4.355087298342653 6.259717401808885 5.109841446414137 5.715197528675446 -0.5941373971496375 1.2848817793804699 -1.5772139969835424 2.523157843078308 1.1652549650183242 6.2734013942865365 7.844207223411194 3.1651953836310467 -1.9511719270617178 6.2024726281934095 3.236209699525215 -1.2458106715614978 -0.5699695353216926 1.2613947385075064 -1.3442377466826465 2.4245549620049864 -4.986029861367347 3.322812048446991 -0.25931619819200863 4.54768134725785 0.6170528505144944 -0.06550181786346401 -1.116280165719281 0.3503550253363505 -0.910579043818337 -2.4795130000877195 2.1494039757051504 -0.013441799534435306 2.701061510808136 0.7061329338546972 -1.0761989464136632 5.077063852712535 -3.124700338894457 4.4459233964732405 -1.5962068942769183 -1.7627555165237079 11.10260848856233 0.0 0.0 0.0 0.0 0.0 0.0 0.0 0.0 0.0 0.0 0.0 0.0 0.0 0.0 0.0 0.0 0.0 0.0 0.0 0.0 0.0 
33.40723604063444 9.614731857023017 6.796051716065705 8.457570733760612 3.379599958010509 -0.3252254064094018 4.8482138503863865 3.4813903692257355 1.0315748246804506 3.3823952494795453 7.324571015239638 -1.9682848977542933 -0.26666737767447524 9.202895439842262 1.3478969114613364 3.285100390711107 2.855225824816515 -0.46562305176769225 1.744605131137394 1.8634264008535029 -0.8562574144795325 2.5885824573921377 -0.8311770496378318 -2.22862929040647 -0.8519347691764906 -0.9921416820120726 6.540672405960142 -0.3468957601451754 -0.22647249097083988 -0.016690517301548358 2.753548211591059 -2.2427285829805443 1.5645482685173777 2.2664148706245415 1.5625739462413317 -2.0642946483725737 3.626038609043482 2.440355753329724 0.37024688324502913 2.5771362057615086 2.9940359400187058 0.06963945117213702 3.7254345390201995 12.28715021880251 0.0 0.0 0.0 0.0 0.0 0.0 0.0 0.0 0.0 0.0 0.0 0.0 0.0 0.0 0.0 0.0 0.0 0.0 0.0 0.0 
33.597650938902774 8.979914564209565 9.246143077176527 9.511025839845608 2.8740498400856893 2.862694798604224 5.7438117079326645 2.0865108103462404 -0.4010240504564465 4.081528262586483 -1.1055566318521848 4.951327923382272 1.8402107521310012 3.9956352600207454 -0.5404354400170063 0.7402552599998173 3.687750954623402 1.8241632145152438 -3.5806693881227583 1.5744683148622958 2.56297415505176 -2.384856816220234 4.925223067910038 5.726530594264652 2.2581136102380475 4.755081376274809 0.676286459272392 -1.6077693124865855 3.2616667287586427 6.967844378353887 -0.3382229824931684 0.8470296311113876 0.2691304666442576 -0.2936739363402033 -1.8494913673792752 -5.003763621607859 1.55154572599837 1.5056321935464165 2.004989453747482 2.289835259265259 -1.9712628302789317 2.72356645248651 5.106742638709738 1.2456139075873074 12.17631011986332 0.0 0.0 0.0 0.0 0.0 0.0 0.0 0.0 0.0 0.0 0.0 0.0 0.0 0.0 0.0 0.0 0.0 0.0 0.0 
34.27468168830132 5.997452153283625 8.246492707016984 3.7494283920421125 4.104266212997828 4.258672725062723 2.645157275329723 -3.315709993734174 2.644031926363197 1.6504317013587468 6.236839232219187 7.2165894222468605 0.029557053353373774 1.830795151149891 4.291793067312643 -0.5574567123831753 -0.921368500775805 0.6742160439920051 0.6235666101599769 7.578711432453606 1.2987891758506445 3.346881520736844 4.231077907855734 1.3580423719853103 0.8972346066862279 1.618622921838007 -0.7033283692658239 0.5330291694195779 1.660664157133995 2.087468137617657 -3.2301195032867556 4.874930256304854 -2.811701274726009 1.0792646598725664 0.5488942615692932 1.916679875310575 2.2323987844436317 -1.5733346505404702 4.779843746452169 -1.6359133663862058 -3.234661575683808 1.476282107520617 1.9127185310636956 -4.79938707504512 2.1981724788953314 10.676634730321666 0.0 0.0 0.0 0.0 0.0 0.0 0.0 0.0 0.0 0.0 0.0 0.0 0.0 0.0 0.0 0.0 0.0 0.0 
37.4694205370257 8.61817323558855 7.57341820759639 5.161208943800368 2.419824680115397 5.427793851695739 1.9178968986447984 3.0588013577065567 3.6164579748962926 5.450810609618169 6.239164740344742 3.8299523858936264 -1.6762546496163975 4.14243445665052 -2.6651912966369142 0.25478920856855947 -2.1868896186953366 1.4461341179460672 0.518317015250723 -0.06068915105358619 2.3100985712615825 5.160031803734607 -2.0189200310529216 -1.3012075221054704 -0.8569597459099033 -2.4804499314781796 -2.0455041284050104 -1.0598655121377871 -0.19047698559222973 -0.309094909943862 3.596466255503817 0.9315770879744405 3.909598592821609 1.337720247958467 3.0892275275345042 0.41453509007230993 -0.1849795513177165 -2.5317888328034237 1.9300629843489654 -1.2080255552690227 -0.48778166556752334 2.18877609159191 -4.87536338937913 -2.727079334067262 0.16645032745241145 -6.023010769268016 12.121730547728992 0.0 0.0 0.0 0.0 0.0 0.0 0.0 0.0 0.0 0.0 0.0 0.0 0.0 0.0 0.0 0.0 0.0 
36.0730446163912 11.992766987048746 5.246434191177741 7.690823880260176 2.968331061633222 1.8355387802139234 -3.2383646731041154 3.7562214795542985 -1.2203700478735455 5.451961103027903 -0.48294127329003933 3.017839244428804 -0.3646685261312185 -0.15159328554114104 1.651414942450989 0.736972482355154 0.6238941680304451 3.926688815115727 3.1338855701122315 1.234362420419427 5.653069098198355 4.681473172955018 2.7341813488944307 -0.1680104460719365 4.790684610476946 1.3294205594198079 1.9016851743049645 0.31973927546755926 -1.0390212075733678 -2.8024407351585987 -1.201902510275025 3.1300861191754503 -0.05785254565122638 -0.12714502806303601 -0.1828172846957158 -3.843534285818657 -2.4569282226185365 -1.1520901475944538 -2.5347991718574208 1.0661619319475903 -3.1649175925172384 5.742977197053425 -2.668020155496974 0.6269354265571008 -0.7757238654380131 2.076463913251504 -2.118418804623379 13.699416526701814 0.0 0.0 0.0 0.0 0.0 0.0 0.0 0.0 0.0 0.0 0.0 0.0 0.0 0.0 0.0 0.0 
33.78806583717112 6.741072367870252 8.248027178211984 11.324480369909935 -0.44696485961338794 1.234788165904348 1.6127213934690587 3.475340353650509 1.5998884431283398 -1.902938164221924 4.356858996120298 4.09117718092526 1.1344850640650526 0.4788819595823841 4.024922596015727 -0.7562483179309074 1.144699615674804 -2.105219462974017 -6.914581552296949 -1.2273458777987498 4.379656050982992 0.18542754298262099 1.9773257955509025 0.43200100873306657 1.3831715977462404 1.8155911275568213 0.08069573240473171 -1.806690959628888 1.756709430140329 -2.7341459078533368 3.618133080917012 2.871141431586117 -1.2368028689160384 -1.4998925586637102 5.830174617309196 -0.3299585361449414 -0.8812260924046187 0.6337116990775171 4.381166024427505 -4.3295018380377615 2.1690496595754554 1.6182231265698042 0.8416025026733217 -3.0046236399604225 -0.221058666755678 1.0491496595538838 -0.2489383082428741 -1.606582361817019 8.970020167906155 0.0 0.0 0.0 0.0 0.0 0.0 0.0 0.0 0.0 0.0 0.0 0.0 0.0 0.0 0.0 
38.908110879497606 6.789429221991554 6.850231852487553 5.392105891283805 1.1867750430529327 10.164094286248627 3.3190111434076783 -2.0394987243636535 10.41052734044052 2.908996191628452 2.403160064737832 5.535715401606404 2.251864305157678 -1.1809104227471598 0.8583916161225301 3.3649283889833947 -0.8729049554160564 -0.6207773447306772 1.7686890060219513 1.290972302557668 -1.7882931417754875 2.8461475291599756 0.8304644756880484 -0.18147121240574338 0.4843838586815004 -0.29790417755783494 0.6402468408743548 5.156608702836662 0.7232768600169175 -4.4896298427351224 -1.0286647409474967 -3.3625570479426132 1.3786890173998112 3.5872166404716186 -1.2537909859166705 -3.4858087370320536 -5.742604114551096 -2.2283203161872036 -0.43234345503831517 1.4328190198673703 -4.756057751105762 -3.222574995448548 1.0916299757213679 -0.8280313377296169 3.7922660573323874 1.7473226858517381 -0.4213379427354349 4.074655542395358 2.2402176732419057 8.789845632684724 0.0 0.0 0.0 0.0 0.0 0.0 0.0 0.0 0.0 0.0 0.0 0.0 0.0 0.0 
42.37789347016515 5.973173539370286 8.071443741647172 3.6101576282765535 3.599213115982039 4.643521687449805 3.0611432691857203 3.5094253504021395 3.0782824939963462 2.8073915512122234 -0.661325629580954 0.9332667830435016 1.98883848161239 0.2597942342459234 1.771088646502577 5.3361299123819546 -0.35511484122172826 1.6095738796727421 10.15089658234579 0.31094793511855445 -0.2791767473113534 1.1792388893582468 -0.7311688258315339 1.3731804089411668 -0.9625815957363614 0.9508936017874798 -0.14487030534502832 2.785690452664174 1.1438723490534557 2.2551890163003634 1.1820657284743268 0.16150993185503393 -1.7543231281890466 2.735682082764154 -1.1801930641834102 2.4699975286225935 -0.05796692435020201 -4.26058807686015 3.549780920680717 -0.767128606007233 -3.404301020083344 1.075182260142236 -1.2380402966039707 0.8576832636543659 0.37309365779802744 3.8441682149027203 -4.128558003008876 -0.9847531649967152 -2.2793164377790047 -1.1457194600097367 12.195268307523245 0.0 0.0 0.0 0.0 0.0 0.0 0.0 0.0 0.0 0.0 0.0 0.0 0.0 
35.057498492293384 12.232580916224073 8.586778340319313 7.454840601435457 5.0338166665300434 2.3704281078208567 4.350277758901797 2.1177575423473343 5.549197254188609 8.297705518550243 3.89907163848695 3.56517706482827 2.0688188198524666 -1.9527831960613176 4.156145192488762 -1.4151451786473908 4.158563095643598 2.9293487470756916 -3.640801849154256 -0.9541114801688738 2.1498112263817095 5.936010007444061 -3.7470532432727524 2.8457439734311225 -0.8461976206424815 2.531394199530011 -0.3879240831146816 0.49163081535386244 -0.03734344687269153 7.149988986544295 3.0591683940831236 -2.0118866264330295 2.2934074285747896 0.37354925176897363 1.3786099886229228 0.4443587173873895 0.8519930352286817 -0.4380895764647673 -0.25056513460898283 3.717223717532654 3.313545479230248 2.700793173519605 0.39912882670587246 -1.7448653215037226 0.42013661876836017 -5.061709730204868 -0.3821421440140318 3.0821568092003626 -1.980577013911144 2.0284304385287553 3.5236042102311855 12.327988411979469 0.0 0.0 0.0 0.0 0.0 0.0 0.0 0.0 0.0 0.0 0.0 0.0 
36.0730446163912 14.119032556838825 7.281293324235406 5.36118719446339 7.440383750180899 1.398331887889185 0.8069948279220256 1.8657784801217758 1.6756847400943613 3.5341778181686068 2.6747877269623896 3.0482480555845557 -0.0975694569963983 -2.6631355983672473 0.4891616502461994 -3.3820992483847743 0.859753036158549 3.688606870972909 -0.32153780416518524 0.7339390694219264 -2.9154257532604344 1.7755420580172523 0.4372459925763751 3.911077073551991 0.8796937952561261 1.5624351200322206 0.5497405099675633 4.650487826825072 -2.266716507161237 1.4767219773627147 0.38473748690575604 0.9806228507207684 0.08680120250563483 0.31878532273618776 2.9805413059857746 2.172773360127989 -0.9139531548383202 0.20135583021535286 0.08656351216445196 0.41671272605372717 4.039585920003803 1.4520880708913502 -1.0084226112257835 -0.6884071299568281 5.191467302666448 -4.447769407972241 -2.70363646907468 -4.267803248080709 -1.1552062848689442 0.6092002370622174 0.3839529674945511 0.4740282261899816 9.430477148293331 0.0 0.0 0.0 0.0 0.0 0.0 0.0 0.0 0.0 0.0 0.0 
39.7755565271645 8.543767799827101 13.640764964093123 5.871467055014435 5.310668582526262 5.948271056777642 0.2422997313600348 2.2193866343928335 1.7507366528307444 8.750015356963726 6.437438530767519 6.00323573501686 -1.556695212862301 1.4090379025800939 3.08075976881195 0.012804883334405659 3.3574218393280506 -2.264552816276412 -3.666481377463838 4.4895807524365114 -0.05825833617020071 2.648490278262718 0.6003667849207428 -2.303531445165505 6.001547616569472 0.858761320392014 1.6676452870993228 5.675565331892738 -1.8669383022683124 2.2464778142892463 -1.2124401952409525 -1.1823899949931747 2.2063928062637386 -0.14338281468136344 -4.223958330979765 0.6709377243351551 1.4094264716873575 -1.0652028692386115 5.105845438338437 -0.5910370922756221 -0.8893132112731236 3.435176669920021 3.6564496274423637 -1.5926931178969057 -0.9700386203855911 -0.06406261959004023 3.3980250185331196 -3.240218245520172 2.0364687373770973 -0.4636185050612041 5.348535529280244 -2.5989675810999326 1.1410032842703155 8.04483556781 0.0 0.0 0.0 0.0 0.0 0.0 0.0 0.0 0.0 0.0 
39.41588394154652 5.084148806244627 6.845990852236326 9.021445474168047 1.0039822357800716 2.3887933175651455 2.4232598403186216 3.829674880183589 -0.8896432923271331 4.390471302736877 4.61212164624753 2.8653741448555254 1.4540746955976676 -0.11104864730988373 -2.20815799142256 0.7901173759268468 0.3128298131542659 3.258434939936474 4.480684792317829 1.3992834055327152 4.5922115903923375 3.5221656308060343 3.5406821193548548 -2.3941352086265346 -1.6155786581476783 -1.4383596076197032 2.971809542877487 -0.6670058874276997 1.2359244844834754 -1.6362174957742444 0.12595689724198628 3.414836853161968 0.1555325502454915 1.7890944370706485 1.3024970738639174 3.2831204886854652 -1.4043847337283268 -1.9891728661935881 1.0137000843176684 -1.6627860317688945 -0.7065311755267447 1.2169811943075235 -1.2364153017107968 2.538074323338181 1.5799230211866178 2.38672358224907 2.5016287592732436 -0.7780746027229912 0.06732668405029489 -1.3256301800846075 -3.893553916490022 7.853145365464448 0.2120819511062858 2.552577862616012 7.478201371305004 0.0 0.0 0.0 0.0 0.0 0.0 0.0 0.0 0.0 
40.071757480026356 12.016043732437218 8.391962764460914 12.56787364739462 5.380174854754074 3.409069527770555 3.4287044092960457 3.4344507361468857 2.436758731802449 1.3296134145693104 0.13996263764134753 -0.1336735793524193 4.078535056334268 1.953551601880327 2.292473654731547 -0.5061978661078615 0.2680112213454179 4.574364051368818 -1.753574126006457 2.4074907310628113 3.3116387597101653 -0.9671710080868172 -1.5246508230150384 3.0097338987898814 5.612564985893785 1.406638102200641 0.3735420905318694 -0.41749496198635105 0.30260841714317227 2.28098438712162 -4.850015363855677 -0.746038441016778 3.667999575682034 0.403604702864539 2.415546243932706 0.735557670722566 -0.3686363806790674 -0.45452000459172637 -3.1079244336957528 0.0621782035872169 1.0696902720424135 1.0388773534735178 -7.774552096707752 1.5052637673265497 0.2360918574200399 -2.864714178808746 -3.3325978357702253 2.186755317815398 2.9463291978179895 5.943780353865291 2.575680764031682 -1.8433199255051873 -0.43595777244092415 -3.2623187340145696 2.953701628959151 7.852818114889689 0.0 0.0 0.0 0.0 0.0 0.0 0.0 0.0 
38.31570897377388 4.3212259247504505 6.41425861414487 3.1549055244942252 2.2292969789062624 -1.9212947166852246 2.543791690698953 8.834744808587928 1.7182035885330553 1.8554535827109755 3.453777896163799 1.4015460133562594 2.7758595670943182 6.148483912692977 3.4319519071513263 0.1925743287999846 2.768284946542985 4.444307231847235 7.184451327826078 -6.0285296519104365 1.2942635885165343 1.13759038189536 2.809055362268098 -0.4710304229219201 1.2510515074624837 -1.2602557239078591 3.194589418639796 -2.7145840320032892 0.6974645218733712 -5.274958822836829 0.4148684800216753 3.5608954677171845 1.322485916835285 3.189999455801218 2.3382632716124068 0.7305100682484221 0.8585082160792845 -1.602810226864177 5.571237722172194 4.310095507562269 0.6616093489642757 2.155827105571057 1.9566378839887313 0.9918540970835555 -0.2580631440515273 -0.7428848853372773 -0.12879258079199596 -0.6120229012593377 2.5478079115287136 -2.6013355730510224 -1.2256049694402078 1.4049089527375787 -2.9027380999385834 -0.05275987834993634 -1.6553346228007983 0.7901612997696044 8.167597609392061 0.0 0.0 0.0 0.0 0.0 0.0 0.0 
37.63867822437534 6.4457215268137205 4.468207454012841 3.7381330078780763 3.310494195985882 4.339709016149413 2.2227505195203463 0.5517133418394309 3.348241258181303 3.6859664376740175 4.088720146212518 4.373308917625811 1.142132197480347 5.476769782653588 0.6627776724115224 4.683267005854374 3.4440381867610634 0.26442735352183355 -2.1311560688023268 0.11985553074806488 4.876139990097805 1.9959727060444155 -1.2331523681722245 2.7393027422565273 0.1461732404172373 -1.1398706956572884 2.515414397261402 1.9403722341967935 4.58543580454995 -0.5807145256579117 -2.8654382435331858 1.5822588996036329 2.3747957845568215 0.14514221470624036 11.519044577846401 -0.31836340130827256 0.19567745607305476 -1.7566267158017999 -0.004681337296170263 2.130703367195737 -1.7586975252605448 2.181145002698911 0.1265002037892021 -3.815969017449509 5.265765451602924 5.064045070083422 0.3367163972780658 0.008444311557290085 4.363522562519478 4.212499985319735 0.940903709076523 -2.2414739074898122 0.0842211861131571 1.6843788295649964 2.362273300566976 -3.1705766376351563 0.749516619444417 6.478299422363823 0.0 0.0 0.0 0.0 0.0 0.0 
36.305773936496955 3.8391935819408047 10.078651367502388 10.45126543178052 3.97681880651362 0.14308944621004116 -0.520427480000734 4.649339040631347 2.5699513616743115 4.258762001449525 4.131120680063226 3.3270858063475766 -0.8476046429769719 2.838693897928237 -0.6638181148293989 5.288708297227597 1.4684620178189867 2.4276548363367696 -0.927380747428733 0.9473068948602968 1.6358225240748343 -0.9340948326017151 -0.6418675726521021 1.3711050649484158 -0.4980512293111786 0.96078148077537 -0.7549209837496942 3.7827079959328054 1.7132093127171315 1.7215093818852538 4.097696836723146 5.665881118269593 -0.3511693095381761 -0.7725551076920565 2.7311351532778327 -4.861233873971629 -3.417836906695375 3.713608842140607 2.574551320558206 0.9743624050498556 1.0543506479173157 5.180372534439507 2.1102923775721143 -1.2282992176762355 -1.1250924235017083 4.440988287825235 0.9392582298242393 -0.6209978473736149 3.436535918268122 4.958695681550699 -0.7822853281517812 -1.1537801291094318 -0.4351922972452954 3.4211179367927653 0.6468721511890051 -4.745386410300331 1.5510748840373805 0.8643492276615329 7.9191881037861975 0.0 0.0 0.0 0.0 0.0 
36.24230230374084 9.708406564074444 9.901179019387044 4.637800536554657 2.8238304698216297 2.7788407573428486 0.03723935072127915 7.15110928196647 3.286454331762521 1.010737345544843 2.7258237269366545 0.3153260772314438 0.831348513736121 3.5466521553635824 5.883894919998242 -2.1480757062662903 -0.12426561234419484 4.209987913955805 -0.6195811394659925 -1.238782181503975 -1.202797514825002 2.196015351377317 4.4686528211824506 2.722662222573026 0.32984021685154685 -3.5883969515717102 -4.08075452608239 -3.786468497840441 6.665104374535763 2.423977410138843 2.66625715484394 -0.6818761487066614 2.0915279491873253 1.0468816147898965 0.9489287142048115 -2.078878008864663 -0.7711229050924058 0.45573518043412725 -1.1384713469876977 -1.9878890227080022 1.9523534158136426 1.7869338931477694 3.3099142341363015 -0.22107246879684506 -1.7345004367063444 -0.5650099043794902 4.495716258331508 1.4209749361022534 -3.066458701035601 -2.721414754099004 0.852002640580292 3.055849994792667 3.929834974641686 1.5550006551137867 6.074468844988033 1.5378606685483964 -8.333494557442473 -2.08818249027065 -0.21344925904097967 5.717320586713922 0.0 0.0 0.0 0.0 
34.359310531976135 10.394753294670622 10.60256080241237 5.504064116268893 6.884891981956756 3.3866774163111444 2.090005152503892 4.242901068676105 3.6091622380799446 8.073101174178966 -1.3125879374909148 -0.14863936241607656 3.9770875646004247 5.4656853986013125 -1.8269449067213333 -1.9687010325186054 2.011589603393715 -3.756247794476363 2.746572866178302 0.21538425169935238 3.9628138811172464 4.433638130742342 -5.297201225740266 1.1550843484625986 2.2494844760557804 4.0007995498827436 5.702706817660428 1.522239440022969 2.836544542889568 4.296590825701764 1.9195369516028231 1.9522773840617536 3.9628580862522984 -0.36825346781232576 -0.816469510474656 1.8680585493153419 2.308345427454636 -0.7597964207612308 1.1599609628905512 5.01349978911466 -0.8246014214456777 -1.8276119919103424 -2.263611609631867 -1.5653862874581153 -0.4902119376095586 -6.083067243757773 -2.813536158833899 -0.8257168148074258 -0.5937946720278211 3.450164112936858 -0.6065985484087564 0.8338664420040688 -5.868910300826728 -0.7966568983861777 -2.0035765832540924 1.9601796453863354 0.11556657389998606 -0.6355169427307117 5.872226365487274 0.213604839489033 5.01569387473798 0.0 0.0 0.0 
32.49747597113014 8.254294587448541 10.475484448474788 5.261092125806371 -1.1262450140734899 0.8966563362440496 2.0026845039477905 2.959197724923584 0.18646176197308612 7.179325168006625 -0.7970916185192042 3.564469768800654 0.5197829374690992 2.2523497802657566 -1.8662405185838504 2.1522781241275286 5.127057686376993 3.689987287678443 2.9910210131683383 2.224866528937651 -5.400880404366874 -0.33709709738505156 -0.5059764779199044 0.9143409821488324 0.9056731375280447 -2.5968621334564883 -1.299179033916433 6.7706317359123 2.400821376832085 0.8698122700994321 1.6550199014133955 0.08615358150508168 1.6181039374571977 3.6613202529393805 -0.10903632719437184 -1.8363749664425164 0.7795332427103381 -2.691027355771738 -0.7442642334876557 -1.6674404300031012 -2.0058031729287404 1.5915608068147933 0.7775622190751845 -1.2781032410469282 5.8374788920524665 3.7579412171853113 0.638238324598838 1.8908595146088514 -3.557560902069719 -2.9866517494984746 2.928058884610384 -0.5606445711645531 1.5915949544256094 2.254866605167691 1.2069565958054969 -2.9369121575905996 -1.2458562330257552 1.4112743658908524 -1.936379475866197 -4.520183823089698 -1.7324401225723056 3.34023348183255 0.0 0.0 
34.380467742894844 5.92662004859335 9.658769307996522 11.700018367397824 5.935134842313801 -1.4631549763735734 5.245774016116329 1.07922814965481 5.934554764843127 3.9025650650579737 -1.1469230461218172 3.140774709970609 4.337544685854951 2.45607763542764 4.89079728779891 0.4163185121097627 2.5790643939580615 0.9477804113822511 1.052904172424177 0.7531294745072619 -2.6616408534479965 0.657732166799029 -0.053780804001303195 3.9313764788819148 2.28078300671867 -3.7720163109123774 -1.337235284842793 0.9636891245484146 0.07791155683830348 2.9228476470133367 -0.2678005221900781 -1.3682388035496742 -1.2623046335740602 0.41593949149735765 -3.014575263539344 1.1296411348425823 -1.7663264320787806 -4.319017920938931 2.6624252176174235 2.853539728426502 -1.7804275906479825 -3.513515283905152 -1.3978440350480703 3.7476145745514713 -0.44139250611710334 0.884068599426796 -2.039845416005292 0.8366259212480008 1.9240942318895518 1.170375406971598 2.166893359807167 -0.6187548043587532 5.697667525975121 4.02041517549268 3.5758660753912817 -0.5241799477853115 -0.7715258940604846 -1.2993071822612923 1.4934229105558172 -5.473754553886884 -0.20776721464503364 -2.1209839637786114 3.724890277714111 0.0 
38.01950802091202 8.421439652971664 4.7521891792601565 5.637143407906251 3.586258814496844 3.1252912423577044 5.9462409127172435 4.787599338771784 5.109071624251171 5.812618380993396 6.77645647046541 -0.8051423319093395 -0.059075476862061826 3.3047855034704794 0.7945660868925234 0.9462224666309189 4.394975692253826 4.805693091483402 -4.145366385040634 -3.798514324396894 -0.49614767713115404 1.6096042718173385 -4.699729636135471 0.2423810980623408 -0.8642023735167482 1.5637667409952833 4.717504061457988 -4.591233976459906 -3.6181675920522163 -2.37171377984461 -1.5656185520911055 0.48359023853610705 -3.3022821760878314 5.689127891463974 3.179391085358725 -1.509529331183252 -0.29109059501478063 -3.765519571645081 2.234754916634006 -2.0264956123841884 0.11208533519571698 1.7873756277969755 -0.5314888696290276 -0.9875903787296034 1.6690570857058742 -0.8406675528092128 -2.3915914226495194 0.3050205644454962 -2.9111889710015055 -1.3586196425859642 -2.6951946905898563 0.3904355216167896 -3.4992997108017696 -0.025688354918119938 4.16484139054587 2.942276398344424 -3.816427498483473 2.3706525698024903 -0.7716213923352808 1.7739949254733118 -1.6164068981594026 2.82061055470812 -0.21389889053552683 2.857096921987707 
