2698.0 40.0 2.0 550.0 7231.0 99.0 6.0 997.0 9.0 4.0 
3605.0 27.0 9.0 544.0 2267.0 94.0 1.0 514.0 8.0 8.0 
3187.0 98.0 5.0 711.0 2534.0 23.0 8.0 788.0 2.0 3.0 
3438.0 54.0 8.0 265.0 6707.0 72.0 2.0 380.0 5.0 8.0 
8518.0 42.0 3.0 264.0 8203.0 36.0 1.0 438.0 3.0 6.0 
9734.0 70.0 2.0 577.0 9701.0 91.0 8.0 713.0 3.0 2.0 
6847.0 65.0 1.0 701.0 2825.0 66.0 9.0 176.0 4.0 8.0 
9689.0 33.0 6.0 303.0 6365.0 29.0 1.0 166.0 4.0 3.0 
6659.0 53.0 7.0 826.0 5626.0 44.0 6.0 418.0 4.0 5.0 
3202.0 71.0 9.0 273.0 4714.0 59.0 3.0 272.0 8.0 5.0 
