46.06517122512408 0.0 0.0 0.0 0.0 0.0 0.0 0.0 0.0 0.0 0.0 0.0 0.0 0.0 0.0 0.0 0.0 0.0 0.0 0.0 0.0 0.0 0.0 0.0 0.0 0.0 0.0 0.0 0.0 0.0 0.0 0.0 0.0 0.0 0.0 0.0 0.0 0.0 0.0 0.0 0.0 0.0 0.0 0.0 0.0 0.0 0.0 0.0 0.0 0.0 0.0 0.0 0.0 0.0 0.0 0.0 0.0 0.0 0.0 0.0 0.0 0.0 0.0 0.0 
41.61495440083076 28.691384947694253 0.0 0.0 0.0 0.0 0.0 0.0 0.0 0.0 0.0 0.0 0.0 0.0 0.0 0.0 0.0 0.0 0.0 0.0 0.0 0.0 0.0 0.0 0.0 0.0 0.0 0.0 0.0 0.0 0.0 0.0 0.0 0.0 0.0 0.0 0.0 0.0 0.0 0.0 0.0 0.0 0.0 0.0 0.0 0.0 0.0 0.0 0.0 0.0 0.0 0.0 0.0 0.0 0.0 0.0 0.0 0.0 0.0 0.0 0.0 0.0 0.0 0.0 
34.49460748196144 13.052994243615833 22.421895458268953 0.0 0.0 0.0 0.0 0.0 0.0 0.0 0.0 0.0 0.0 0.0 0.0 0.0 0.0 0.0 0.0 0.0 0.0 0.0 0.0 0.0 0.0 0.0 0.0 0.0 0.0 0.0 0.0 0.0 0.0 0.0 0.0 0.0 0.0 0.0 0.0 0.0 0.0 0.0 0.0 0.0 0.0 0.0 0.0 0.0 0.0 0.0 0.0 0.0 0.0 0.0 0.0 0.0 0.0 0.0 0.0 0.0 0.0 0.0 0.0 0.0 
34.10385673641373 15.153313714701575 8.242154723743626 24.276962838787632 0.0 0.0 0.0 0.0 0.0 0.0 0.0 0.0 0.0 0.0 0.0 0.0 0.0 0.0 0.0 0.0 0.0 0.0 0.0 0.0 0.0 0.0 0.0 0.0 0.0 0.0 0.0 0.0 0.0 0.0 0.0 0.0 0.0 0.0 0.0 0.0 0.0 0.0 0.0 0.0 0.0 0.0 0.0 0.0 0.0 0.0 0.0 0.0 0.0 0.0 0.0 0.0 0.0 0.0 0.0 0.0 0.0 0.0 0.0 0.0 
36.77398683098973 14.417296887052297 3.983020329802708 8.83828551538583 22.222414387858166 0.0 0.0 0.0 0.0 0.0 0.0 0.0 0.0 0.0 0.0 0.0 0.0 0.0 0.0 0.0 0.0 0.0 0.0 0.0 0.0 0.0 0.0 0.0 0.0 0.0 0.0 0.0 0.0 0.0 0.0 0.0 0.0 0.0 0.0 0.0 0.0 0.0 0.0 0.0 0.0 0.0 0.0 0.0 0.0 0.0 0.0 0.0 0.0 0.0 0.0 0.0 0.0 0.0 0.0 0.0 0.0 0.0 0.0 0.0 
38.250156314169956 16.110114238257232 1.7077344542230546 1.537470833283775 1.8780321340655184 20.0893649214191 0.0 0.0 0.0 0.0 0.0 0.0 0.0 0.0 0.0 0.0 0.0 0.0 0.0 0.0 0.0 0.0 0.0 0.0 0.0 0.0 0.0 0.0 0.0 0.0 0.0 0.0 0.0 0.0 0.0 0.0 0.0 0.0 0.0 0.0 0.0 0.0 0.0 0.0 0.0 0.0 0.0 0.0 0.0 0.0 0.0 0.0 0.0 0.0 0.0 0.0 0.0 0.0 0.0 0.0 0.0 0.0 0.0 0.0 
34.9070666022618 17.752507103044028 9.95326495023007 -1.1332248500680875 2.8240196633852026 3.7953163695823653 21.062146083600638 0.0 0.0 0.0 0.0 0.0 0.0 0.0 0.0 0.0 0.0 0.0 0.0 0.0 0.0 0.0 0.0 0.0 0.0 0.0 0.0 0.0 0.0 0.0 0.0 0.0 0.0 0.0 0.0 0.0 0.0 0.0 0.0 0.0 0.0 0.0 0.0 0.0 0.0 0.0 0.0 0.0 0.0 0.0 0.0 0.0 0.0 0.0 0.0 0.0 0.0 0.0 0.0 0.0 0.0 0.0 0.0 0.0 
30.95614239727943 17.871620580407022 8.960074703047091 5.66840095283481 4.912682291972012 5.9616748009586145 4.932423593115907 18.73242913844548 0.0 0.0 0.0 0.0 0.0 0.0 0.0 0.0 0.0 0.0 0.0 0.0 0.0 0.0 0.0 0.0 0.0 0.0 0.0 0.0 0.0 0.0 0.0 0.0 0.0 0.0 0.0 0.0 0.0 0.0 0.0 0.0 0.0 0.0 0.0 0.0 0.0 0.0 0.0 0.0 0.0 0.0 0.0 0.0 0.0 0.0 0.0 0.0 0.0 0.0 0.0 0.0 0.0 0.0 0.0 0.0 
32.497437004717604 12.394683684775202 3.7564144262666375 3.82793290618347 2.2701226418072054 2.3258339937045207 2.482380738896012 -0.8075191064225606 18.388785250458376 0.0 0.0 0.0 0.0 0.0 0.0 0.0 0.0 0.0 0.0 0.0 0.0 0.0 0.0 0.0 0.0 0.0 0.0 0.0 0.0 0.0 0.0 0.0 0.0 0.0 0.0 0.0 0.0 0.0 0.0 0.0 0.0 0.0 0.0 0.0 0.0 0.0 0.0 0.0 0.0 0.0 0.0 0.0 0.0 0.0 0.0 0.0 0.0 0.0 0.0 0.0 0.0 0.0 0.0 0.0 
36.18786071266817 13.14136028170303 6.608711973974316 0.2574128031846712 3.6525046566469825 4.806455810344019 -1.260435465065214 3.0882932302873627 0.7855840838897419 20.852238464167325 0.0 0.0 0.0 0.0 0.0 0.0 0.0 0.0 0.0 0.0 0.0 0.0 0.0 0.0 0.0 0.0 0.0 0.0 0.0 0.0 0.0 0.0 0.0 0.0 0.0 0.0 0.0 0.0 0.0 0.0 0.0 0.0 0.0 0.0 0.0 0.0 0.0 0.0 0.0 0.0 0.0 0.0 0.0 0.0 0.0 0.0 0.0 0.0 0.0 0.0 0.0 0.0 0.0 0.0 
30.804183774010877 18.092026503287606 4.07042545891769 5.262408678320092 5.8340184893766605 6.683738506432121 2.333316857068837 6.927603787097311 -1.7795374359915965 1.523308645089594 20.588543266814693 0.0 0.0 0.0 0.0 0.0 0.0 0.0 0.0 0.0 0.0 0.0 0.0 0.0 0.0 0.0 0.0 0.0 0.0 0.0 0.0 0.0 0.0 0.0 0.0 0.0 0.0 0.0 0.0 0.0 0.0 0.0 0.0 0.0 0.0 0.0 0.0 0.0 0.0 0.0 0.0 0.0 0.0 0.0 0.0 0.0 0.0 0.0 0.0 0.0 0.0 0.0 0.0 0.0 
40.37757703992969 18.008505814871718 2.4585970575021037 0.9398301559046018 5.508960790117001 1.2166976430912513 8.98578453377236 3.1084713590986865 -3.1727194975998807 2.825815515514003 2.1232709002072814 17.681103721596735 0.0 0.0 0.0 0.0 0.0 0.0 0.0 0.0 0.0 0.0 0.0 0.0 0.0 0.0 0.0 0.0 0.0 0.0 0.0 0.0 0.0 0.0 0.0 0.0 0.0 0.0 0.0 0.0 0.0 0.0 0.0 0.0 0.0 0.0 0.0 0.0 0.0 0.0 0.0 0.0 0.0 0.0 0.0 0.0 0.0 0.0 0.0 0.0 0.0 0.0 0.0 0.0 
35.62344296909926 11.276278430969292 6.065237456357536 5.488313973146639 8.988459578995858 1.7949323365258607 6.502782095750277 2.2593218960370507 -6.478214589075616 1.5841185638181172 4.413453445080989 2.0312738775785193 18.39622029738999 0.0 0.0 0.0 0.0 0.0 0.0 0.0 0.0 0.0 0.0 0.0 0.0 0.0 0.0 0.0 0.0 0.0 0.0 0.0 0.0 0.0 0.0 0.0 0.0 0.0 0.0 0.0 0.0 0.0 0.0 0.0 0.0 0.0 0.0 0.0 0.0 0.0 0.0 0.0 0.0 0.0 0.0 0.0 0.0 0.0 0.0 0.0 0.0 0.0 0.0 0.0 
36.448361209699975 15.098717300090556 9.349995280138842 8.86068841282728 9.55842312572959 2.5416951263708683 -0.5225962420652763 -2.0111853578254255 -4.437479993971094 -2.281216394285026 0.16334021196958382 0.3563993807317107 0.7541149983972482 16.995654829426663 0.0 0.0 0.0 0.0 0.0 0.0 0.0 0.0 0.0 0.0 0.0 0.0 0.0 0.0 0.0 0.0 0.0 0.0 0.0 0.0 0.0 0.0 0.0 0.0 0.0 0.0 0.0 0.0 0.0 0.0 0.0 0.0 0.0 0.0 0.0 0.0 0.0 0.0 0.0 0.0 0.0 0.0 0.0 0.0 0.0 0.0 0.0 0.0 0.0 0.0 
33.12697987254447 14.339574193328396 5.179020348589461 6.354331553903052 4.511725792608274 4.170789204531772 0.10221998941683808 0.3356745522371938 0.4361164109479789 3.5547922822495233 0.9324464277935166 0.6753298046755395 -1.4588089180699044 0.2996893476398824 17.70693500067967 0.0 0.0 0.0 0.0 0.0 0.0 0.0 0.0 0.0 0.0 0.0 0.0 0.0 0.0 0.0 0.0 0.0 0.0 0.0 0.0 0.0 0.0 0.0 0.0 0.0 0.0 0.0 0.0 0.0 0.0 0.0 0.0 0.0 0.0 0.0 0.0 0.0 0.0 0.0 0.0 0.0 0.0 0.0 0.0 0.0 0.0 0.0 0.0 0.0 
37.07790407752683 15.858583103075041 5.61996459532493 0.28297479923473645 6.973783087526044 0.007532661198439428 1.8445656774138683 2.798897921127562 1.0408131080149612 1.8687950794716035 5.786860286117035 1.371133208622219 -0.8081198129395384 0.5910736176034423 1.3561550071666935 20.184531396794576 0.0 0.0 0.0 0.0 0.0 0.0 0.0 0.0 0.0 0.0 0.0 0.0 0.0 0.0 0.0 0.0 0.0 0.0 0.0 0.0 0.0 0.0 0.0 0.0 0.0 0.0 0.0 0.0 0.0 0.0 0.0 0.0 0.0 0.0 0.0 0.0 0.0 0.0 0.0 0.0 0.0 0.0 0.0 0.0 0.0 0.0 0.0 0.0 
36.86082033000033 18.299522443652442 4.800526803630319 8.816538403564834 8.847254294312322 3.479046758301152 3.867402175778224 1.1007627907493713 0.5237768659207779 4.298699242777893 -2.0211782350751433 -0.8102300174393975 -1.2077553999647888 -3.373489129875276 4.608346373611866 -3.286811042113252 18.700560581140284 0.0 0.0 0.0 0.0 0.0 0.0 0.0 0.0 0.0 0.0 0.0 0.0 0.0 0.0 0.0 0.0 0.0 0.0 0.0 0.0 0.0 0.0 0.0 0.0 0.0 0.0 0.0 0.0 0.0 0.0 0.0 0.0 0.0 0.0 0.0 0.0 0.0 0.0 0.0 0.0 0.0 0.0 0.0 0.0 0.0 0.0 0.0 
32.236936507685805 13.748425108417905 4.885466313558339 1.070775116669708 3.8871324023757268 4.388088748578767 3.351494218580825 1.9074326145024543 -1.5381937684298128 3.233803459084125 6.120199867458885 -2.2095336789720106 2.3668055181369536 1.1826503150010148 0.3429048238231349 -0.9814687964379276 6.0985047492407825 17.665644396185737 0.0 0.0 0.0 0.0 0.0 0.0 0.0 0.0 0.0 0.0 0.0 0.0 0.0 0.0 0.0 0.0 0.0 0.0 0.0 0.0 0.0 0.0 0.0 0.0 0.0 0.0 0.0 0.0 0.0 0.0 0.0 0.0 0.0 0.0 0.0 0.0 0.0 0.0 0.0 0.0 0.0 0.0 0.0 0.0 0.0 0.0 
33.77823111512398 14.126904405008496 4.479316860479415 2.885180029232643 4.177167354345926 4.75182356473384 4.034143496950335 -0.8729143499547547 3.103592419783383 6.13325263915996 0.8827183333615951 -4.733909496655768 2.5100163666962714 2.403895737556514 3.9700956332528365 3.9287915732819876 -0.051429297212204905 5.550677980294403 18.667658898127527 0.0 0.0 0.0 0.0 0.0 0.0 0.0 0.0 0.0 0.0 0.0 0.0 0.0 0.0 0.0 0.0 0.0 0.0 0.0 0.0 0.0 0.0 0.0 0.0 0.0 0.0 0.0 0.0 0.0 0.0 0.0 0.0 0.0 0.0 0.0 0.0 0.0 0.0 0.0 0.0 0.0 0.0 0.0 0.0 0.0 
36.16615233791552 15.43833524981951 3.3871476193982772 7.93902397164684 5.345453782974474 4.52460170628359 1.7800710011427867 1.610144471765281 -1.7701560951156536 5.050075633769798 2.791716674904709 -0.6153274957826951 -2.472579815797781 3.2688596389886166 2.252852161850236 -0.5485327216259098 -2.1044706466533754 6.235422501493476 2.3879147803223995 17.926613323099808 0.0 0.0 0.0 0.0 0.0 0.0 0.0 0.0 0.0 0.0 0.0 0.0 0.0 0.0 0.0 0.0 0.0 0.0 0.0 0.0 0.0 0.0 0.0 0.0 0.0 0.0 0.0 0.0 0.0 0.0 0.0 0.0 0.0 0.0 0.0 0.0 0.0 0.0 0.0 0.0 0.0 0.0 0.0 0.0 
34.190690235424334 20.011441970005393 8.848329719493194 5.016963557220109 2.860925591355027 2.718711873238732 2.965886226398041 1.1925558636565228 -0.5876005494320324 1.964635372669589 4.479977709956536 3.46485259595428 -1.0954282784029057 -0.24131150908822957 -0.6221252261948785 1.603485608143261 1.7628526407649494 3.832289059182318 2.7339870830173734 2.4671211654212857 19.32430432342289 0.0 0.0 0.0 0.0 0.0 0.0 0.0 0.0 0.0 0.0 0.0 0.0 0.0 0.0 0.0 0.0 0.0 0.0 0.0 0.0 0.0 0.0 0.0 0.0 0.0 0.0 0.0 0.0 0.0 0.0 0.0 0.0 0.0 0.0 0.0 0.0 0.0 0.0 0.0 0.0 0.0 0.0 0.0 
35.79710996712046 13.986947711598376 7.0297890302662935 4.048746760814673 5.452143821630116 0.993285675091883 3.4458265675965976 -0.6272429350028546 3.625532172055176 4.268876398376075 -0.23635015499932432 -0.7176834784216848 0.6333244061066248 -4.412313010930825 1.059505496116822 -0.3514719920864281 2.422246881879505 3.6795096748266714 0.28932674182126805 2.658362564818168 -1.018998217094157 17.874362747260726 0.0 0.0 0.0 0.0 0.0 0.0 0.0 0.0 0.0 0.0 0.0 0.0 0.0 0.0 0.0 0.0 0.0 0.0 0.0 0.0 0.0 0.0 0.0 0.0 0.0 0.0 0.0 0.0 0.0 0.0 0.0 0.0 0.0 0.0 0.0 0.0 0.0 0.0 0.0 0.0 0.0 0.0 
37.38182132406394 12.594624164634396 5.937552870670373 2.8565023126023448 -0.7719691190982871 4.587346963768823 7.094849844148058 -4.282769845243507 3.09179450990121 3.177472353003821 -0.8723137598956843 -1.0500700063644748 0.6438127843107457 2.5487397622829286 0.4668475699143586 -0.09849814295028866 3.9606354586779267 5.6331962679984215 1.6635803049963913 1.063151015100211 2.0147930963789333 3.8542219204678063 15.275895260119134 0.0 0.0 0.0 0.0 0.0 0.0 0.0 0.0 0.0 0.0 0.0 0.0 0.0 0.0 0.0 0.0 0.0 0.0 0.0 0.0 0.0 0.0 0.0 0.0 0.0 0.0 0.0 0.0 0.0 0.0 0.0 0.0 0.0 0.0 0.0 0.0 0.0 0.0 0.0 0.0 0.0 
34.55973260621939 11.006729164973187 7.457211498763655 3.6301048011587227 1.333223200945639 1.689710364464574 2.845681699701501 3.1177234648062324 -0.9755317743483384 -2.7704261978683924 2.2341963964756046 -1.2483230522245268 6.782605039127229 1.0186281166469155 -3.6232445434602116 -0.26790574687938884 2.3066923472613627 4.916640077166227 2.1876715377267506 1.8929636471447149 -2.5960264705188476 0.6122713824283771 -0.1434864347058555 17.516344655932496 0.0 0.0 0.0 0.0 0.0 0.0 0.0 0.0 0.0 0.0 0.0 0.0 0.0 0.0 0.0 0.0 0.0 0.0 0.0 0.0 0.0 0.0 0.0 0.0 0.0 0.0 0.0 0.0 0.0 0.0 0.0 0.0 0.0 0.0 0.0 0.0 0.0 0.0 0.0 0.0 
33.51773061809217 12.099840050999276 3.205790350873798 3.6306363848675005 0.36517635258881853 -3.2221371997410273 3.0194387480153466 0.9819747135608452 0.6421625320339357 -1.66131233368272 2.1215244484402347 -0.8261456854402871 1.6267675756347915 0.14889039840620222 1.8165732124046967 3.6918081902804056 0.8856965690574703 1.6664032118501142 0.5129351646355284 -3.4701486800602837 -0.7183837468668504 -0.2882841072610711 1.961158966119389 -0.7926173176884516 17.00607488093324 0.0 0.0 0.0 0.0 0.0 0.0 0.0 0.0 0.0 0.0 0.0 0.0 0.0 0.0 0.0 0.0 0.0 0.0 0.0 0.0 0.0 0.0 0.0 0.0 0.0 0.0 0.0 0.0 0.0 0.0 0.0 0.0 0.0 0.0 0.0 0.0 0.0 0.0 0.0 
35.992485339894316 11.751763270486784 6.6924604058284345 1.3296138775329567 4.345902450826884 1.7085969979818856 0.5280561558045633 0.381476429817738 1.8818713193687409 2.5621888287057346 2.3424021061639917 -4.401250037741041 -0.612744522086387 -0.8622912770707521 -2.125644756973521 3.635853756064787 -1.8290418941059705 0.6004318563478157 -0.5239836148157422 0.22380311873952213 5.683765740348173 2.356298602794011 1.0318690150351273 1.5195792890245228 4.686602955135807 16.840507764140423 0.0 0.0 0.0 0.0 0.0 0.0 0.0 0.0 0.0 0.0 0.0 0.0 0.0 0.0 0.0 0.0 0.0 0.0 0.0 0.0 0.0 0.0 0.0 0.0 0.0 0.0 0.0 0.0 0.0 0.0 0.0 0.0 0.0 0.0 0.0 0.0 0.0 0.0 
36.75227845623708 18.317540574466996 5.403014617301508 7.023186576788973 1.9255122029267824 1.965263738006783 7.510546643148771 4.0830026081046356 -1.8959481859582257 4.874729491435254 0.9007370654546003 -2.805570861949904 -0.7225701342999729 -0.296467578591392 2.9817517760147476 -0.6549034936825353 1.4238499564331808 -0.2990270986639069 -2.8323829856767726 -3.9969456321705 2.333428025885173 1.3135811398919817 0.6662833533157327 0.32697940668501724 2.3971326337496515 1.7364201419972503 14.594645236581265 0.0 0.0 0.0 0.0 0.0 0.0 0.0 0.0 0.0 0.0 0.0 0.0 0.0 0.0 0.0 0.0 0.0 0.0 0.0 0.0 0.0 0.0 0.0 0.0 0.0 0.0 0.0 0.0 0.0 0.0 0.0 0.0 0.0 0.0 0.0 0.0 0.0 
30.97785077203208 13.483425543639342 10.500098950903023 8.677930566852638 -0.3642160990188046 0.06388472275665436 8.375184649447107 -0.7526320373730186 2.0553429643321897 2.899002116972602 2.8663868098036613 -4.148195591780712 0.6524272021349452 1.9823585455010342 -0.5655393682096994 2.773201834099567 -2.4595841276350936 0.05717095828192953 2.5190011849915135 3.225057508595078 2.5985620064161923 3.748767761330872 2.656480015632972 1.3932872094363866 -1.0929674967324141 -1.3427315039874432 -4.592989764171435 14.319571537960067 0.0 0.0 0.0 0.0 0.0 0.0 0.0 0.0 0.0 0.0 0.0 0.0 0.0 0.0 0.0 0.0 0.0 0.0 0.0 0.0 0.0 0.0 0.0 0.0 0.0 0.0 0.0 0.0 0.0 0.0 0.0 0.0 0.0 0.0 0.0 0.0 
36.31811096118407 16.368100364696268 9.792584149586219 3.240495687984918 6.9663904560151195 -3.21830950757861 3.153133984362185 2.269137156415823 -0.03461721816076 5.903120988452756 -1.2656164816411994 -4.936139568977563 0.600065990721179 5.206228809588428 6.078965410511767 2.398352922917136 1.4592873303978913 2.689095769544434 5.060660189126579 3.286006458864954 1.6947386159032898 1.396751223439587 -0.4276010366931433 1.9351070428439114 -0.6679376962393094 0.607528439643629 2.06747017250589 0.27929990861431997 13.92953867663874 0.0 0.0 0.0 0.0 0.0 0.0 0.0 0.0 0.0 0.0 0.0 0.0 0.0 0.0 0.0 0.0 0.0 0.0 0.0 0.0 0.0 0.0 0.0 0.0 0.0 0.0 0.0 0.0 0.0 0.0 0.0 0.0 0.0 0.0 0.0 
34.14727348591904 14.288706234228393 6.091938326719614 6.661225778946928 3.200640751380206 4.729517462544138 1.532787494301445 -3.0029661909822494 2.2469527913114447 3.7192128772647925 -3.2525351032300027 -3.7124698225399815 7.721422169027196 -0.10013199594235911 -1.7874199174910208 -0.7065680036200035 -0.6622274186137531 -3.3293787725444477 0.22744283106515484 -0.4806238443343951 6.190881859357951 -2.1877792847046007 -2.264376132398647 -0.09543765259953707 0.8030952280378528 3.0516771789076444 1.3254307500741394 -3.350605641895425 0.054240092912472386 14.586504341980081 0.0 0.0 0.0 0.0 0.0 0.0 0.0 0.0 0.0 0.0 0.0 0.0 0.0 0.0 0.0 0.0 0.0 0.0 0.0 0.0 0.0 0.0 0.0 0.0 0.0 0.0 0.0 0.0 0.0 0.0 0.0 0.0 0.0 0.0 
35.38465084682011 14.37607035255347 6.902609767449775 -1.8738153198104897 1.4206071677939747 1.0630801102825274 5.875034708462167 1.9315585104261146 0.349379629703285 5.578108190712328 1.0354621049890975 -2.2971402090140662 2.1778536050871677 -1.8094141050187682 -2.14287159036357 2.1160782289160656 8.251848280072322 3.2232393309432004 5.822483727290776 -0.3541542524055604 -0.46699421219884973 -0.07919734294940506 3.4417446769454516 0.6649894083746721 3.896418955270155 -1.0518221192530584 2.301801306731029 -0.024527926537154847 -1.768374863973952 -0.6688875688577348 15.45465991431722 0.0 0.0 0.0 0.0 0.0 0.0 0.0 0.0 0.0 0.0 0.0 0.0 0.0 0.0 0.0 0.0 0.0 0.0 0.0 0.0 0.0 0.0 0.0 0.0 0.0 0.0 0.0 0.0 0.0 0.0 0.0 0.0 0.0 
33.99531486265048 15.938112537354122 1.0393798520008275 3.482589808315062 4.3718131981444515 9.286968943810493 3.104626005658929 7.878642223528203 3.4579153019372373 2.9170989378819066 2.923982434735309 -5.924443841558235 3.684700671788715 0.8610919066737677 0.33168876352506016 4.893698269804152 -0.3982045485333666 0.41117861986155513 3.181167320589272 -1.4220227803192298 0.30909899099091204 1.9484686136502853 -3.5804919526808803 -1.467894406482865 3.3767838276317814 3.1348813123313652 3.884672994379338 -0.10229356482933788 0.36976099995053274 -1.7505989280267107 2.701657645866495 13.317436104072549 0.0 0.0 0.0 0.0 0.0 0.0 0.0 0.0 0.0 0.0 0.0 0.0 0.0 0.0 0.0 0.0 0.0 0.0 0.0 0.0 0.0 0.0 0.0 0.0 0.0 0.0 0.0 0.0 0.0 0.0 0.0 0.0 
38.163322815159354 14.841913767469158 5.032569370537246 5.317803389519227 1.8250537820849786 -1.8943236369167806 4.810550126764383 2.38761425734333 2.328462522017906 5.255065490997394 4.022034082322798 2.6019884203988313 -0.4097241003760661 4.911423165160427 -2.5875182701703654 -1.399910404872017 1.104828737856638 0.37345732509765966 2.769439325432195 -6.519840289845325 -3.918264320078075 0.15803288763207662 -0.9249929586222774 2.1203910736892597 2.0534916469059104 -1.5698275610269816 0.32568336305516227 3.5358589377359584 3.752425711295706 -1.0372357029189017 1.9230513304974775 3.7580650766418264 14.051574962563777 0.0 0.0 0.0 0.0 0.0 0.0 0.0 0.0 0.0 0.0 0.0 0.0 0.0 0.0 0.0 0.0 0.0 0.0 0.0 0.0 0.0 0.0 0.0 0.0 0.0 0.0 0.0 0.0 0.0 0.0 0.0 
36.991070578516236 16.925578375614194 3.526823282936263 8.35831927170858 7.548646395465383 4.298922194514631 5.080865823095351 -1.993394869917509 -0.13610206380120174 1.434907555979636 1.8804656268754778 -3.602421735567841 4.288350846787794 -0.34573541953164194 -6.287094228462227 0.25232625025341604 -0.6133123444174507 0.29963153177788915 2.386011350452671 -0.27006159765741367 -0.20899113455791116 -2.002609920569445 -0.9336189434173341 2.2019698160488854 -6.6912826310750315 -2.7811421448849893 3.5685863508764517 3.093419039862199 1.7932020298438722 -0.17725455493271713 -0.8220784679035666 -2.9084555597151063 -0.8013874979120138 12.210632683640855 0.0 0.0 0.0 0.0 0.0 0.0 0.0 0.0 0.0 0.0 0.0 0.0 0.0 0.0 0.0 0.0 0.0 0.0 0.0 0.0 0.0 0.0 0.0 0.0 0.0 0.0 0.0 0.0 0.0 0.0 
30.37001627895787 16.94422065316629 2.3292140793998044 1.9898074575866076 4.14085375948153 2.0187394343492855 1.1767760311800117 5.4829880687136665 -1.028962810716526 -7.484582137618142 0.6877136653571931 -0.704999896971379 2.5931256921655828 -0.45351779475391485 1.8636104686420651 0.795197719320915 3.083040304346352 4.513464536698046 3.8611308245112843 1.3412284432075836 5.230379050724991 2.7294432893035667 -3.807476632447003 2.7236220873809933 0.6887322969804828 1.1349674787405513 -1.9964565987498586 3.1782438843092407 3.2214223847684558 9.245020048201935E-4 2.3521934239953017 0.3798238343103975 1.7218326816653018 3.5508864300417255 15.4801404214829 0.0 0.0 0.0 0.0 0.0 0.0 0.0 0.0 0.0 0.0 0.0 0.0 0.0 0.0 0.0 0.0 0.0 0.0 0.0 0.0 0.0 0.0 0.0 0.0 0.0 0.0 0.0 0.0 0.0 
35.189275474046255 15.949035105259007 9.632418986608712 2.2176320359387347 2.5218631163176326 0.8197689045291696 2.702300240346574 3.0512783221155644 -4.176054528571599 1.72004696976513 6.601142173963782 -4.164093005186 -0.1664373319524617 0.30419827585102766 1.8375532623843163 1.401194217215026 6.5235015688838836 -0.8474126085046785 6.569803381720654 0.47111287474655106 0.7074174565703848 0.38267344365219913 0.5428484430863891 1.0060050194764834 1.1318315785793012 1.2322806537577873 -0.37981158266339454 -1.5974514415409835 1.743831798280595 -0.5416428642029658 0.9335612296280751 1.107556281252312 -2.1170281294558584 0.859505423787206 4.401086436293185 13.714734151577568 0.0 0.0 0.0 0.0 0.0 0.0 0.0 0.0 0.0 0.0 0.0 0.0 0.0 0.0 0.0 0.0 0.0 0.0 0.0 0.0 0.0 0.0 0.0 0.0 0.0 0.0 0.0 0.0 
38.33698981318056 18.73760775366695 6.377636470243033 4.409879328933528 -0.10474292943207786 2.4024893748835723 5.451737738458547 3.39110494237039 -2.777960509465569 3.4318545774072735 2.0429849104882396 -2.9376171311456014 -3.524464506947295 -1.0886887807086714 -3.3149397061773525 -1.8607330884879567 5.556846834172764 2.5162771174933245 3.2223815635183013 4.62861481433702 4.142197472675419 -2.5874641804321157 3.674419291688862 -3.1853219619120146 -0.873484072683443 -0.1228587059232521 1.1565841744902 3.34987267290599 -2.007590393373719 0.9564927227287383 -0.9224990200719849 -0.24120310078194612 -1.7907475973436953 2.1359298821448855 3.2535003040601915 -4.574659079977069 13.553732227319067 0.0 0.0 0.0 0.0 0.0 0.0 0.0 0.0 0.0 0.0 0.0 0.0 0.0 0.0 0.0 0.0 0.0 0.0 0.0 0.0 0.0 0.0 0.0 0.0 0.0 0.0 0.0 
34.25581535968229 14.549517445900584 7.780088353776904 -0.9001749433095156 3.936572149744663 -2.139441526600791 -1.1639327269011517 1.1796420771497367 -3.124779712435888 2.312444564964595 2.691305827806673 -3.1626051521550878 -0.25125313037972763 1.4618830903936855 0.2739480176008402 -2.758288663581118 0.6594779988655206 3.942966635391844 1.9679147194136422 0.7244190607795167 2.5687910584297446 -3.032669484113109 0.050504160389629904 1.3159979165611424 -1.3645098897786254 -5.703358670691015 -2.885346997389222 -1.4413711074350422 6.393601281420964 1.1096251219962454 0.44287156705477837 -3.4770319045248606 4.209164392837376 -1.1733403144811017 4.17327910489759 -0.4207604831928103 -2.5208111124652497 13.465170018891408 0.0 0.0 0.0 0.0 0.0 0.0 0.0 0.0 0.0 0.0 0.0 0.0 0.0 0.0 0.0 0.0 0.0 0.0 0.0 0.0 0.0 0.0 0.0 0.0 0.0 0.0 
26.527633947738753 15.163217937929176 5.1741514585613615 4.279209790646874 4.60935043455008 -0.6490530482054098 -1.7752676818450652 4.440427259372463 2.5123046543549155 0.47092115157796854 -2.0639737165539405 -0.19018531929294402 -1.7170772757843193 -0.03602414834560064 -2.135432437949532 -0.5647707379832188 5.7058468505541 1.9218861786257726 1.2339074294899315 1.142271293410301 3.7977453643236063 3.5722203240882724 -1.6798267981836958 2.9822048162386947 -2.226989370905967 -1.4360277788179485 -1.9622547560690102 -2.290674553037319 -0.7075169615263497 -6.415106230270065 -1.164024894834599 1.7501731015537896 -2.3582545059641498 -3.23332366961891 0.18205077771468214 -4.677226541952942 -2.107301863655212 1.0072743178297714 11.641929517020882 0.0 0.0 0.0 0.0 0.0 0.0 0.0 0.0 0.0 0.0 0.0 0.0 0.0 0.0 0.0 0.0 0.0 0.0 0.0 0.0 0.0 0.0 0.0 0.0 0.0 
33.626272491855424 13.301700293564274 6.977461483617432 3.465848108868826 4.690300886138445 4.751025354133091 0.6774643803566534 1.7864965134890696 -1.3623553294729582 -1.3058313934512058 7.400498906047568 1.905486591700928 2.629002889152008 -2.6045177789715215 1.4786026754798378 -1.2805688104106614 2.172322564456192 -0.20104345999851414 3.13013438328331 -4.477260207355276 7.770982469156261 2.3770668130730677 -1.2431194328725081 0.6258678105268358 0.3541092337047947 4.234271101852262 -0.5454832147190422 1.6500264644172322 0.4120843877441784 2.1558505164900557 0.07460977344193914 4.244778790766473 3.4259343597790783 1.9758910314935378 -0.12179974095857736 3.3564723840772626 -3.220872162154938 1.4077853908480793 2.167535177992721 13.65534925075004 0.0 0.0 0.0 0.0 0.0 0.0 0.0 0.0 0.0 0.0 0.0 0.0 0.0 0.0 0.0 0.0 0.0 0.0 0.0 0.0 0.0 0.0 0.0 0.0 
34.733399604240596 14.902423151170979 5.992525064596535 0.9574799037044954 3.2638636946455364 2.116887056590656 6.703586247499004 -1.0347196850064933 -4.428904360199911 2.417647039778075 6.546957440664011 -2.534633567902132 -0.5776486330454351 2.3817251432347106 4.295978356753278 2.1606506346703815 5.213858811733573 -0.9200268090399792 2.5012663909373396 0.4859109489095307 2.1838134859617977 4.255792689643004 -0.3251019799423531 1.4842219212111223 1.2245556548624976 -2.243353599235941 -0.14666891156781403 -3.0913430942813473 2.902207261713012 -0.4230763882504246 -4.427776536338982 0.4713102871455147 -2.348637459424383 -2.9606215468069217 0.6460311919623234 -0.17275573954331963 1.408615653984074 1.1413800850661742 2.1518869702007413 0.6323270911327028 12.859380908969449 0.0 0.0 0.0 0.0 0.0 0.0 0.0 0.0 0.0 0.0 0.0 0.0 0.0 0.0 0.0 0.0 0.0 0.0 0.0 0.0 0.0 0.0 0.0 
34.58144098097204 11.079803607994137 5.508105000090964 6.851973145743287 -4.002124204204193 2.45565768510599 1.9984820870329258 -1.8444403901235091 -0.007343227188808536 5.699068756129152 7.050914942709436 1.3522339579603049 2.7686547965643484 -0.785352022631002 0.182715615052208 0.5801572585615364 1.0411080491833244 3.348451282926932 0.319218637756865 1.4019358529455441 0.9521500459052064 -2.717757919039708 -2.92936218490422 3.0415909951313003 -2.5587005678343413 4.469583484812413 -4.620088237840397 -2.113582087112849 1.4454233361347884 -0.4863654561422464 -0.029935145149137865 4.1036715681164075 -0.3074034413025642 2.831827605559856 1.7717281829822267 1.3496968050041112 -2.7637639133569767 -0.11532609639641622 1.3845854171932235 -1.4605840875056846 -1.4757234417810274 13.115188160822639 0.0 0.0 0.0 0.0 0.0 0.0 0.0 0.0 0.0 0.0 0.0 0.0 0.0 0.0 0.0 0.0 0.0 0.0 0.0 0.0 0.0 0.0 
32.82306262600736 15.547166730929213 5.166568577232297 1.418308473264517 1.606623168344811 1.8927958579316169 0.8880444033469814 2.9457941025204804 2.986612391287553 3.121630377996006 4.96367900873991 0.4237494699621426 -0.5076513596207153 0.5326311766699023 -2.4552829432559444 2.836436246012401 6.1516840254466665 3.5644457948431905 -2.5686674824139755 1.7587488295594782 3.0794292931332325 3.0457224186662 4.6728103276091195 1.651731340666335 3.413097619516334 2.7456882912902354 2.7345381244652254 4.273845674160196 0.2965365357644284 -0.839476961186433 7.2615222289326065 0.8874332129735363 0.6874729840604568 -1.1681837383912688 2.63446414835926 -1.1190719364409647 -6.349996165152071 -0.4020327195301734 2.752829136007798 -1.4834376376471656 -3.04525209232711 -3.476304389928424 12.290028547866875 0.0 0.0 0.0 0.0 0.0 0.0 0.0 0.0 0.0 0.0 0.0 0.0 0.0 0.0 0.0 0.0 0.0 0.0 0.0 0.0 0.0 
34.23410698492964 15.870589715313415 8.560792784885223 4.17817982735626 5.050695075613149 7.831720204061696 2.69606197150037 2.5315062393138987 4.094194143873116 1.592240429778714 0.5198536510953582 -2.0435330721682243 2.4351892900670586 2.0274197276066728 3.85618871585197 -2.950321402365489 5.417957447939751 3.4570969819258544 -2.5804124107550965 -1.0606932921701642 -0.3291608920518156 -1.5047024051027413 1.2449170466992263 -3.0056392230373046 -0.11131169317365641 -0.9583187039983014 2.2020348864846375 1.530536315420892 4.74684758931023 1.5849160886449025 0.6731325826968458 3.2578268295611603 0.9105926807500836 2.2950745682626397 2.9817906734696624 0.6945230635205359 3.025157061528919 0.16885417690067206 1.0009201015156675 -0.7013869145605627 1.4715883692546805 -3.0148444440188387 -0.723842213683739 11.415895737971015 0.0 0.0 0.0 0.0 0.0 0.0 0.0 0.0 0.0 0.0 0.0 0.0 0.0 0.0 0.0 0.0 0.0 0.0 0.0 0.0 
37.38182132406394 9.527501397280083 5.983719165070632 1.5011665374997065 3.953646241750519 0.28366637345141044 3.744873642587663 -1.6643915217860865 -5.351234193358559 3.182221240168093 -0.7617776416298973 -4.809724523023492 3.8676932415210716 1.5842293633138722 3.5470105368561122 0.7924932434191607 3.4817802856929143 4.410807236856195 0.7572127922997622 -1.4596330070881889 -2.3144347675107864 -0.9211290208695488 3.163276854629499 0.5621920718745328 -3.8912938581151177 -6.333950572067119 5.22776318856757 -1.0285355923440913 5.586016510016304 -2.8338990815593292 0.3530110801463 -4.57300309986209 1.627012662527579 -2.751001206235945 2.8424154325912507 1.0108450697011042 -1.2132800703344468 -1.1343195747098274 -3.1054298059924625 1.2149757047505667 -1.0747814007597238 0.10624914922246584 3.450332834551542 0.6917189480616296 7.786752039163869 0.0 0.0 0.0 0.0 0.0 0.0 0.0 0.0 0.0 0.0 0.0 0.0 0.0 0.0 0.0 0.0 0.0 0.0 0.0 
38.163322815159354 12.15818134603412 3.205370763360847 4.112030358736519 8.558206174327708 4.057301548264363 2.6199045821949056 -1.113534022756383 4.407259229485102 2.2277141081331613 1.785517795897082 6.170112409465014 -1.779562798117897 -0.8510730109892282 -2.414364178564642 -1.7160884047295102 1.2613780609682013 -0.9206836248271328 2.4463669244778354 -3.0459835642291937 0.30940171319746407 6.318241171116868 0.6615547049947397 0.7512300023888397 2.9120626932673765 -0.1493831936535307 0.6106063302567574 -2.9263054386865646 2.8937063399719003 -2.367308573062181 -0.48567820191634425 2.2314532267310243 -1.3843981354838941 2.4989635637189243 5.09175909725743 -0.8705353768964599 4.193391827194332 -0.2990415460240512 -1.5757664739934403 1.7999841470241658 1.3576653096176283 -2.7546871849235144 -3.1273623366920886 1.5357651319360333 -2.184329542294577 13.910523339452627 0.0 0.0 0.0 0.0 0.0 0.0 0.0 0.0 0.0 0.0 0.0 0.0 0.0 0.0 0.0 0.0 0.0 0.0 
30.456849777968472 19.188323822657367 1.4690034315533822 0.5119880314370704 7.0181518703871575 1.9621574555943937 1.7515912766584592 -1.4751338746122258 2.8758921977617744 5.096353390007244 0.5537142105482344 -2.7190856541245156 -0.2769825870099192 -3.1030891377930647 -2.9374716950742976 -1.111534015178927 -2.39848187265643 3.4019790615432353 2.7176695013452665 2.7295977148583734 -0.8380781057341679 -1.6576275386241495 -0.4473472591442684 -1.7578703581091362 -0.3634330663566642 -4.71094879323359 2.303124516304113 1.7399097850388507 -0.7123660294264096 -3.3614833041686434 3.973417959760597 3.3325157743801803 -3.5928639381455185 0.19642693924260135 3.2719845657161573 -1.3235076046101124 3.0113943576570117 -1.6983346807864685 4.87538324191101 -3.0413472224976807 -5.540191843692443 0.6842854426707303 -0.9848177055524546 -0.19670790948814199 0.008262869292417537 -0.20645745097345172 8.605555448034774 0.0 0.0 0.0 0.0 0.0 0.0 0.0 0.0 0.0 0.0 0.0 0.0 0.0 0.0 0.0 0.0 0.0 
34.168981860671686 11.92202393049022 5.340149459878475 1.7314122546760657 2.1606253926479013 0.3049702319325007 3.14147995764138 -0.8218871372615553 1.9610958744834934 5.212321453042445 5.157275559927146 -3.592541296637342 -0.49470428703721897 1.9583073765143038 3.8588685946139085 0.07246452274694848 -2.4299956164767424 -0.45124985298392983 0.07099106192284955 -0.839862472171746 2.2892356656658173 3.658026128256081 -1.7531455014473196 -0.7168271371006516 1.4604956442018842 -4.0003113958573815 1.0989136218078108 -4.5426953871608315 0.4784510189815179 3.2473616869752124 0.20701276684573544 -3.0881845991473127 3.6326934383168106 2.4993147021777733 4.095072785020966 -0.28975458435353163 -1.2610477008654748 -1.1523698311449486 -2.7082805583510767 5.917246932319028 1.1143887704803053 0.40711163181642623 -4.724526518035118 -1.552542950163376 4.26169372586587 -1.1232794808161175 -0.36093682388104886 12.625909637603048 0.0 0.0 0.0 0.0 0.0 0.0 0.0 0.0 0.0 0.0 0.0 0.0 0.0 0.0 0.0 0.0 
37.40352969881659 10.26279552870708 6.012859791034714 6.1919236663724035 4.8998271498958985 2.13964111876804 0.39756533204885613 -1.176775168469618 0.10610534396058334 3.5065439304099324 3.1700188521496697 -2.7994745508543537 5.2944622598625335 0.7759702294022386 -0.987082281430101 -1.0790005730725796 1.176590111692779 0.14101494552367477 -1.4504160612800112 -2.244624455414372 0.6498517803722612 3.97405438443029 2.964937813622218 0.04716019444650943 -3.779580581112019 3.9847471692273784 -6.855834800890723 1.7350152763934426 1.6204143689942425 4.126618662261328 2.1817284255028406 1.7408400653758616 -3.531367014722786 -1.8188532035548755 1.1234922509448613 0.013564623585677227 -0.8766409755080619 0.16682654229708122 6.519130961901498 3.9734420948448763 2.928007689687989 -0.8113089760507343 3.777224955281186 2.583691254515156 2.7817574223253922 0.8579496752646025 1.6459206869555048 2.3778835147471447 11.302617421201424 0.0 0.0 0.0 0.0 0.0 0.0 0.0 0.0 0.0 0.0 0.0 0.0 0.0 0.0 0.0 
35.1241503497883 9.944102919595991 6.716912165590244 12.15485931891724 5.975775468552001 6.168138355723258 4.653819444074514 2.125073284782019 -2.0233358697732955 5.666212009312811 2.6672219989170873 -1.2548768632609 2.5559807904338174 -0.11317930062757872 -0.6882694357920605 -0.8224826534940889 4.518505512248564 2.809853999643695 -0.6197615395766081 0.9600723162792746 3.9226244639276553 -0.15286971645693537 1.614746002176671 0.814569324030408 1.1565145970889403 3.167143226487141 1.7752535572058805 1.3003427678776092 -1.3385698550333531 4.186067526654288 -1.191483595944341 0.3151752732927958 -1.9240898553571621 0.05339472142491694 4.970939953110458 2.3649324753586574 0.03926240503015488 -0.44638922451065055 2.5253524898953317 -4.710043954235252 3.2739435573029936 -0.2049980650363405 -1.5860542046733823 -1.772381854367645 6.435366254505166 3.266511671933023 -0.8735733192179009 2.211748063483423 -0.1952605174230144 9.31275231916084 0.0 0.0 0.0 0.0 0.0 0.0 0.0 0.0 0.0 0.0 0.0 0.0 0.0 0.0 
41.37616227855161 17.501173066831484 10.449732594178812 3.4429434680423157 4.862780823085231 1.1517624199338883 4.642386797862343 -1.517209167630213 1.4443108316791016 6.131505496261505 3.1083906587736188 2.810899845734978 3.266581164789355 -3.892767206822442 -3.8754908491540996 -0.40779562039032824 2.1135051770818767 -0.6974978310795241 2.4197464727749627 4.6083429204089885 2.294513787977348 0.33310500266340337 -0.7170013623720775 2.448651878329177 -3.072922513030832 1.7980814711480468 2.290464275595623 0.8396395015155359 3.186053782195998 5.272023862429703 2.7926676591068667 2.145283615214077 -3.7572083378501056 -1.1572433939309077 -2.4997735742571106 4.3831505859613795 5.773621892735521 -4.30964133866369 -4.455354803332133 3.4787398062087824 -1.9995501763726224 0.3056141270338582 4.024638835584479 2.6745401749984845 0.1590469377447814 2.909085647361884 1.492853732265432 -2.561901690689382 -0.35645108074458287 -0.7045379270761578 11.426417964843203 0.0 0.0 0.0 0.0 0.0 0.0 0.0 0.0 0.0 0.0 0.0 0.0 0.0 
37.40352969881659 12.702552275466196 5.975122982706267 2.4575452204273915 3.683987706164828 4.368908604593486 4.281532987168504 0.34086908788843573 -2.9198731734233423 1.3226369249337437 6.775151650997498 1.8919615530026108 0.938708646845348 -0.20920080108641148 -0.5513598251359226 7.4936617879756175 -1.1541413198065424 -3.179867447476551 5.065451967479406 -4.137152770500159 1.8735372678060134 0.6159773964490132 3.478979100947233 -2.7151722450596485 0.11930027673887846 -1.0005699804680603 2.3034503112363067 1.2849453374938489 -1.5303467372647974 -1.3426399790853383 -1.0199990079671135 -4.514872459679388 -0.8518341718437702 1.639436021544957 -1.0039061287757804 -3.9339305701973126 1.1683633351305192 -2.6195113800374195 -3.721858806379897 -0.8196107540849424 -3.4003188308309276 2.046541404077921 4.7269204931144735 2.1040470060948993 -0.4331130946663331 -6.856329908513392 -2.7876560595122233 2.847562285186772 1.7234589312450765 -0.679947228839567 1.1203033901200552 7.7828791049944455 0.0 0.0 0.0 0.0 0.0 0.0 0.0 0.0 0.0 0.0 0.0 0.0 
33.713105990866026 14.500193428730014 4.050001065244103 4.331116230878081 5.119615279660152 2.32354583300922 4.894111250372546 -1.1077889623116022 0.588538138457831 2.0536154096177137 2.8975345709640736 -3.7362498210008077 -1.1398918609439948 -3.1456968087888555 0.7562176061560374 2.1412309092257407 -4.464892727980623 -0.5777863448509757 0.7463606436377928 -2.7557138947623057 0.39232334410433667 0.6666338738836443 -0.48045280405450397 3.4125473420571426 2.806016802053968 -2.536025875452345 -2.728531556022554 -2.8908586027860244 3.4975720211657 4.4518843633119705 3.4833451361637304 -3.9394877408956477 2.8186392605402926 2.414778689663565 6.011551183779515 -3.484113293390246 -0.9273320744809235 1.7834442409647622 -4.870857056936945 0.7657729810580174 0.6617239494606932 4.29240837836505 -0.8661261277722097 0.7203358864731899 -1.369284447865827 2.450495078157906 -0.509804467105828 -4.205295563807061 5.124322674154701 1.225174185299965 0.28081950384446397 3.208862021596115 6.461095113291142 0.0 0.0 0.0 0.0 0.0 0.0 0.0 0.0 0.0 0.0 0.0 
38.46724006169646 11.438540157785141 12.834796008128066 5.190130031156059 5.512465229598405 1.3985102254609956 3.4857361444425123 2.44203991143209 -1.8702532441119184 4.8408371274216275 2.1995651932129556 1.13655931934837 -0.20083948697251564 3.6980222207428466 -1.0318398100273267 3.1045019382204537 -1.5348515637899875 2.8239615574378347 -0.3053904183805989 -2.693116799006886 0.17914120575154238 -2.6480497541241634 1.9565098199325 0.5396427568082381 -2.412807129775723 -0.27841751491408573 -1.3171112188626726 1.6544298497589613 1.598918789548425 -1.813320927783493 4.938530158536495 -0.2069759860079936 -3.2206924285867564 1.3843157583465562 -4.399349166239584 0.48986359058449186 -1.0491838094463124 3.1173813147923193 0.2362904649650796 0.18625962988728115 -0.23257726483615274 0.33751973958512166 1.5512149111586768 0.18295421172944484 2.8933460893984817 1.6052251968162023 -0.24752887500560564 -6.2108046860550985 2.099665569248111 3.2253398977687433 -0.7300147912539592 1.7286782978307855 0.2598698973500351 10.627934225335707 0.0 0.0 0.0 0.0 0.0 0.0 0.0 0.0 0.0 0.0 
35.40635922157276 13.752071439357529 9.908432021917122 3.2726628753011084 5.683860368526766 2.963095981608106 5.114593156130027 3.3651528851142416 3.8289703483318376 5.645342176510524 5.050528249311364 -3.0868208867665787 -3.03621316503678 -0.33946301586855987 0.024782723352871905 -2.5674315748970336 3.518932620698738 3.5929656758326836 5.544487742423377 5.438473323708216 6.6261594515832485 0.18434017205662934 3.3178590311668934 -2.709605953624492 -0.8173292039625197 -2.2471027783606976 -4.096749502404009 2.2654245322016857 1.5233185038471475 -1.2950966362366219 -0.16765315555189042 3.3093986653554417 4.3378196525957105 -0.012893906352453577 -2.2611929841798384 1.220006095987427 2.5100814978088195 3.374575898843972 -1.9216130655158334 0.7969496261384149 -3.4601592781496735 3.4280318794661393 -0.9678209481000534 -3.8551277652824254 1.488522659336898 3.3952789558757344 -0.8055146415980037 2.025692091005454 -3.790306424747887 1.357364779177786 4.037904287466545 -0.28356859448670607 -4.964920348715206 1.3925161088893918 7.821244393514855 0.0 0.0 0.0 0.0 0.0 0.0 0.0 0.0 0.0 
36.66544495722648 16.875071764625346 7.3129256065761155 2.0834318360848982 6.022342633583207 1.6764970716325962 5.30551344944584 0.23011816357870885 -0.5272219267053745 -1.7808455210715919 3.0588511823499904 -0.7372604158081418 -3.097633610479564 -0.524634380165573 1.3752837641557705 0.1935218297678567 0.8887166061879028 2.655821369327125 1.4200506920277431 -2.868582446633442 0.32327364937344283 5.569768259421721 -2.1109669440243195 -3.0224820893584208 -2.8993429395509316 -0.641383471228147 1.404143879867744 2.064087362201024 -1.8751866320322228 3.4652501655574857 5.448583075002956 -4.052294484589106 4.031028153976894 0.3524268581998017 1.459096897618382 -1.8977493903787845 -2.3586350920134107 3.737337863216584 -0.9109930901815755 1.9076860164161378 1.2907459327704434 0.7523321854845242 0.8315323971324428 -4.237423862366351 -2.8767621064758497 2.8662518570334865 -1.1080352161599432 -1.427034635810847 -1.4474349058623661 3.1874398241836435 1.0056249999308546 5.9613127367351515 -1.2003735933224378 4.062823500658269 6.5841896792081736 6.877366710115816 0.0 0.0 0.0 0.0 0.0 0.0 0.0 0.0 
35.3412340973148 17.436458905109284 1.8874409724343053 2.510647788707999 6.626992805576478 0.037827248655517565 0.5697867143100979 -0.020353839236051385 -2.495132365273698 5.3793728339947275 3.16916878897336 -1.3265612306883696 3.47390338224465 -1.4085924701484933 0.4958292984006182 1.8116402180214368 0.6791975048406333 -2.511893810223871 1.8892468938704743 1.570642459371895 3.484085475370736 0.5832881441723952 -1.6115675962271192 0.11832387972066083 0.292795597787889 -3.010684872095848 2.241961166409903 1.3470394602312463 -0.6757952624941934 0.7334424710844264 -0.7500165392452167 0.40320531618357286 -0.6597893476631453 1.0062299375978414 -1.0550241024313294 -2.501430526021727 -3.307266613313408 1.4816162644293098 -2.162840493713677 -0.9191470525013209 -0.9790270388150365 1.7385274967314877 6.130737170832718 1.4458036540371912 1.2110240841822106 0.16405480180060739 1.2230592004488163 -2.281588491367373 -0.1752943441957602 -2.9854285673915895 2.1022153270656805 -1.9054655968984373 -0.5150055125365127 -2.440880256567908 -1.3547365132569724 -3.889551075282032 6.260685529986643 0.0 0.0 0.0 0.0 0.0 0.0 0.0 
39.400700176060425 14.650448543307483 4.756783056484451 3.5867411291438316 6.759494985877723 2.4174123428263954 3.371461454294675 -0.5189777996150156 -0.019763035804762328 -3.1725052765932484 -2.383169637275023 -2.9241477331791237 0.98825492718169 -0.7781876348958037 -0.018416195596314244 0.5019161725268065 3.2185160359502833 -1.1913015312209196 -2.2088518893077778 3.4388446218242565 -2.904861476574371 4.1796611181982195 3.5502166251067537 0.7245601872427798 -0.3239571093992155 0.1217013125627591 1.764478339857608 -0.5051781631984628 3.783813720931496 -2.76753500267629 2.50381002093853 -0.8405403779717708 1.025992498433595 4.387822673972296 0.27724528815490546 2.525160630811374 2.2134049642458686 1.3284313342726857 3.58659225392771 2.0403233893776274 0.654165897793519 0.19015312269040172 2.6997293169447154 -2.867086628146896 -2.7558146372607673 0.8361767670028349 2.1792290418279645 -2.2536929104319245 -2.5585694837170103 -4.23466841290754 -1.1264648005705726 0.29764306362477033 -2.452895368690386 -1.372200639332094 -0.5744025480019146 2.5852900720411043 0.17589169364895194 7.132492546358968 0.0 0.0 0.0 0.0 0.0 0.0 
30.99955914678473 14.915793031283215 5.8419063983816315 2.703051814106473 10.116741779827663 0.2904538289438392 0.44385239053717385 4.832087805212879 -0.5120555148193578 -0.0687460790914775 4.854342368737689 0.1677575068794197 3.6417440132421834 -1.0109280934132039 5.629515368982457 -3.824195893597257 -0.9123435380994374 5.174670936678336 -0.6047175330986528 0.9013812076981118 0.3438796947971141 4.104403952657115 4.934238702994102 0.2596699928306494 1.6968034781613865 -1.5373611531987708 2.1301756341850435 0.39970986503776157 -0.2954877334030735 3.212982845496145 -2.0303904473516967 -1.7740060884071889 -2.645590656223338 -1.8353970680358542 2.0932216217823605 2.86477172063727 0.4316135439661403 -2.48325023725467 -0.20476079426605565 -0.9313274025555665 0.02742053572374915 -1.6845740163094236 2.3016466947657483 0.5250002921312771 6.277634343430796 -0.11931859317054272 2.4098061224753256 0.7001453354813709 -1.1534309860475431 -5.07561871491112 -1.3330239741207257 2.1724478535740532 0.4205573959061648 3.964473465459359 3.217232436057117 0.6447565462065867 -5.593252368023645 -1.5613183932794208 4.42324818141339 0.0 0.0 0.0 0.0 0.0 
36.77398683098973 12.395784154022692 5.784241557633052 5.45181052773772 6.153102004795997 0.24271972163855082 6.437145811411256 0.10304111150058759 -1.5078961500448012 2.783393187107045 2.0658031525824385 1.3681103349640997 -1.234337726901574 3.707008851587715 5.250750828686291 3.4195382396914846 -0.7654934858061885 1.758643855247952 -0.4971489616515092 2.733616260072805 0.7143944213563287 0.4138962738742843 -0.9825331809778679 4.330109298627576 4.1283220739665865 -3.4460980988572762 2.6974715588456015 2.0008965473808926 1.5702314593954252 4.211124435450692 1.381711332943416 1.4477638778502677 0.19696493771423382 6.191907730624349 1.4915535035502536 2.0540139267189783 1.2689299912801069 2.9224541863919793 0.6679761513140925 -0.9150588163111345 -4.383875495202965 4.162033903032638 -1.4656160778584955 -4.60385616997705 5.636024624398894 6.902972390003136 -0.16810700491222885 -1.6608559760985315 0.8735693298387356 -2.377733629116732 1.3573533536269848 1.0014197375842184 0.7251664796842832 1.8591307825217789 5.45950201313362 1.0182844497353907 -0.7511542478000423 3.4224777567186906 -0.1925470341469059 5.730471862594358 0.0 0.0 0.0 0.0 
33.21381337155507 15.71233566754836 3.97867869435251 6.812797434705175 8.50518067248801 0.3084675683878402 1.785189055020851 2.3130526050497338 0.069245023577616 3.934279131986811 -0.008711763549430984 -0.8243032781722794 -4.500771463239889 -2.1720610705233736 2.6282222756928357 4.4486672359963055 1.409602327010521 2.458560903839391 -1.2177031182459261 0.3175671716859253 -5.8861525974499775 2.394389898953941 -1.7827961359962647 1.1861841405521956 -3.3562078179812507 0.28740958433987784 -0.09326352244871616 -2.672384834447332 -1.7236920899967485 -2.185340374728447 3.590110451436224 2.030778078215319 -0.35625365822533067 -5.6124332112421484 1.8118493684185892 -2.1997910025649547 0.13304941914333163 -0.8514854570248469 -0.24638705425606888 1.6564250584650324 3.902928166753672 0.09686582268947302 -0.8276870500333353 4.808916920422354 -2.2484033878896095 -0.11171233806457948 4.299595636982638 -3.047045239778411 0.4073581585169824 -0.4233899439097537 0.016553164645724587 1.332170223475596 1.2639473388047986 1.694386222315523 3.3014721725782614 -0.42309267555899854 -1.2394478200689998 -3.0525366285244817 -0.8492208641020886 -3.188298739058507 7.777035970543913 0.0 0.0 0.0 
32.54085375422291 22.68324990377284 7.378131456710207 7.442993746216146 -0.8036312682992417 -0.5304557774578171 5.207945167591504 2.0498344247235707 -1.5807124222336053 -0.4502182987547215 3.1461127392390447 1.2970349987974725 1.795576731740807 4.943498624828699 1.5519819322122217 -0.42858525452194807 -0.9411482243984295 0.029517452367007646 2.864146091886804 2.0087456414057625 -2.1400105465737433 2.1896274648666885 0.6470999439467348 2.551622888080815 1.0534313089505134 0.7315486613308742 4.037118909701906 -0.3863065961803587 0.4477765989895087 -1.7415805453697768 -1.5773136391867588 -0.973878001376038 -0.636500109488384 -0.3832818240244909 4.960044667035014 -2.989172014334606 2.973347036816546 -5.154787491324359 -0.9363556324154894 -0.803719092871332 2.974662325691597 0.6816477661933587 1.268629676347783 0.5457075188246291 -3.7854689412410174 6.372547466631932 -3.5985230910032513 1.6734539976667344 -1.1039036260749067 5.924051622739348 0.6315950052061929 0.6148002753244751 -1.4288264720323216 -2.92219530241676 3.374478730973443 0.1918781088950361 -2.9435823594037887 -3.8462705951194396 1.739011679002734 -0.8846870607107872 -2.4474396807890684 2.1130807188187184 0.0 0.0 
31.781060637880145 15.978057928549255 4.868602209548456 4.609100601877415 4.7607338824624605 0.13040111290608536 3.7883676464793865 4.16532666962091 -5.162338632773596 1.9915215014283172 4.628856803039011 -1.9509034956286089 -0.5047062551129295 0.264694631303954 1.5879536740385372 5.5262230759403295 5.527266525648885 2.3998162153571334 2.441490396921367 -2.4981853882320775 1.061923492471218 2.679055148750865 2.2576425524587043 0.5017149796076634 -0.25718959090274746 0.22530081308801872 9.0809742258852 -5.760299833220145 1.5873574848662644 3.0886799514796057 1.3262661763081647 0.29496779731209744 -1.4017562944332667 0.24294501814730513 7.194676783604645 -0.983387367566926 1.6903310906557683 -4.805143404047703 0.3149798716177204 2.2068952829629263 2.0301600328697043 -5.497163353264243 2.452589572641111 0.6489578638595217 2.1174776835420115 1.470499389457804 -2.001374415738513 4.457042433422084 1.8116098089556778 -2.937273406250728 2.484822840503011 -2.1660881124430675 -1.3284609242694572 1.064132268196192 4.837338975980551 1.2324185223922592 -0.4372444502680672 -3.9591180219976145 -1.530518712937482 0.6390485920940487 -0.6469020688455265 0.519031270819814 5.235306110314701 0.0 
35.55831784484131 12.730031156826989 7.638281970006062 1.0901761093310398 3.140411656743808 -3.7737149776401537 2.7744983994153216 3.070132826230349 -2.9890409823100446 3.030963078096968 1.492948068238697 0.15761120854558697 4.942599791367345 -1.206497437375381 0.9538595959671501 2.7188433097690567 -1.207703374637706 -0.0763349784019896 2.70581127647053 0.6500068904226636 3.086862544628088 3.2806341032104687 3.87010989439504 2.089839004868082 -4.25892322378784 -0.298472798105063 -0.22234153815208257 8.943070537038874 0.8655311157287718 3.9965927785437727 0.9449527297100583 2.478156020302346 -1.1092250654902713 2.4298008861753284 -0.8551608211562145 -3.968063391044578 4.820555207139141 0.5731582126423831 1.9270808741372303 1.835298212275734 2.115193577447233 1.983795694643139 0.5341753293392313 -0.14683993637588577 2.0686128130460864 -1.9495266327933956 3.8417077966109874 -4.0331835002025445 1.0300015173925088 -0.4850261395398653 -1.2386747551957298 -1.8026659301654608 3.567627740211348 3.2028968962387774 2.5721506049292087 0.2777532494458588 -2.7180084969443343 -1.6294841131184754 -4.407095781914512 0.9357506467054326 -1.642671758563169 0.8593642449503104 -3.224704534597582 1.1656519618227887 
